21045
29121
29122
29124
29128
29131
38513
38518
38519
38522
38526
41006
41009
44013
46056
46154
47127
47832
48391
49189
49225
52128
58615
60870
65183
65317
69574
69727
70042
70744
71170
73662
78584
80364
80682
82226
82613
82919
83020
83353
83480
83491
87891
92183
92531
92534
92601
112732
112734
112735
112736
112738
112739
112740
112741
112744
112746
112747
112748
140084
140095
140107
140120
140121
144153
144187
144214
144225
144272
168774
169454
169458
169477
169611
169617
169618
169620
169877
171959
187566
187589
187628
187633
187654
187674
206744
206745
206746
206748
206749
208056
209361
209732
209736
209998
210152
214187
216072
216145
216167
216852
218029
219347
219907
220394
240337
240389
240726
240747
249645
252546
252740
253006
253045
255935
257628
257630
258116
262637
266355
268944
269367
275473
276855
280398
287095
287135
288103
291407
291651
292422
295486
295487
296700
297334
299649
299800
308069
309391
309852
310508
311851
312071
312621
313157
313725
315802
315803
317765
318271
318609
318612
318742
318743
318763
318764
319485
321100
322407
322894
323025
324946
325645
325934
325935
325936
325937
325938
325939
325940
325942
325943
325944
325945
325947
325948
325949
325950
325951
325961
325963
325964
325965
325966
325967
325987
326337
326921
326926
