20321
21045
22214
29117
29118
29119
29120
29121
29122
29123
29124
29125
29127
29128
29129
29131
29879
33332
38513
38518
38519
38522
38526
40035
40423
41003
41004
41005
41006
41008
41009
44013
46056
46154
47127
47832
49186
49187
49189
52127
52128
53236
53241
53242
53391
58615
60870
64816
65183
65317
67679
69574
69727
70042
70744
70797
71132
71170
72030
72320
73624
73662
78057
78584
78934
79490
80364
80682
81584
82226
82436
82613
82641
82919
83020
83353
83480
83491
83557
87586
87891
92181
92183
92224
92531
92534
92601
106431
106444
112731
112732
112733
112734
112735
112736
112737
112738
112739
112740
112741
112742
112743
112744
112745
112746
112747
112748
118716
118864
122964
132708
140084
140085
140088
140095
140107
140120
140121
144153
144187
144202
144214
144225
144261
144272
144281
144291
144297
144308
164018
167932
168032
168480
168665
168667
168774
169407
169410
169454
169458
169477
169611
169615
169617
169618
169619
169620
169621
169877
170347
171588
171959
172099
172115
187550
187566
187586
187589
187607
187614
187615
187623
187628
187633
187635
187655
187661
187672
187674
187676
196476
205901
206332
206744
206745
206746
206748
208056
208057
208058
208059
208737
208738
209074
209361
209732
209998
210152
212812
212930
213139
214054
214187
214801
214868
216072
216167
216852
218029
219157
219176
219177
219907
220394
240337
240389
240726
240747
240840
240971
249645
249982
252546
252547
252740
253006
253045
253745
253948
254278
255935
257628
257630
258010
258107
258109
258116
258145
258146
260910
261896
262637
266355
266795
266899
267078
267926
268944
269367
273590
274930
275467
275473
275540
275692
276197
276198
277396
278050
278051
278902
280198
280199
280398
286274
286672
286673
286675
286776
286815
287080
287095
287134
287135
287247
288103
290176
291312
291407
291651
291700
291753
291781
292303
292422
292500
292508
292509
293203
295486
295487
296700
297334
299649
299800
302305
302897
308069
308240
308749
309391
309852
310215
311851
312071
312621
313157
313725
315802
315803
317765
318271
318609
318612
318742
318743
319485
321100
321959
322407
322894
323025
323818
324946
325645
325934
325936
325937
325938
325939
325940
325941
325942
325943
325944
325945
325946
325947
325948
325949
325950
325951
325961
325963
325964
325965
325966
325967
325987
326337
326921
326926
327843
327845
329283
329321
329642 
