29120
29125
29127
29879
40423
41008
46154
52127
58615
60870
64816
65183
69574
69727
70042
70744
73662
78584
80364
82226
82919
82984
83020
83353
83491
83557
87891
92601
106431
112731
112732
112733
112734
112735
112736
112737
112739
112740
112741
112742
112743
112744
112745
112746
112747
112748
122964
132708
140084
140088
140095
140107
140120
140121
144153
144202
144214
144225
144261
168665
168774
169458
169477
169611
170347
171588
171959
172099
172115
187586
187615
187655
187672
187674
196476
205901
206745
206746
206748
208056
208057
208058
208059
208737
208738
214054
214801
216167
218029
219157
219176
219177
219907
220394
240389
240840
240971
252740
253948
254278
255935
257628
258107
258109
258116
258145
258146
260910
266795
266899
267078
268944
275467
275540
278050
278051
278902
286672
286673
286675
290176
291312
291407
291651
291753
291781
292422
292500
292508
292509
293203
299649
299800
302305
302897
308069
308240
309391
309852
311851
312621
313157
313725
315802
315803
317765
318271
319485
323025
325645

