20321
22214
29117
29118
29119
29120
29123
29125
29127
29129
29879
33332
40035
40423
41003
41004
41005
41008
49186
49187
52127
53236
53241
53242
53391
64816
67679
70797
71132
72030
72320
73624
78057
78934
79490
81584
82436
82641
83557
87586
92181
92224
106431
106444
112731
112733
112737
112742
112743
112745
118716
118864
122964
132708
140085
140088
144202
144261
144281
144291
144297
144308
164018
167932
168032
168480
168665
168667
169407
169410
169615
169619
169621
170347
171588
172099
172115
187550
187586
187607
187614
187615
187623
187635
187655
187661
187672
187676
196476
205901
206332
208057
208058
208059
208737
208738
209074
212812
212930
213139
214054
214801
214868
219157
219176
219177
240840
240971
249982
252547
253745
253948
254278
258010
258107
258109
258145
258146
260910
261896
266795
266899
267078
267926
273590
274930
275467
275540
275692
276197
276198
277396
278050
278051
278902
280198
280199
286274
286672
286673
286675
286776
286815
287080
287134
287247
290176
291312
291700
291753
291781
292303
292500
292508
292509
293203
302305
302897
308240
308749
310215
321959
323818
325941
325946
327843
327845
329283
329321
329642 
