1053271
1053279
1053289
1053463
1053738
1055035
1055037
1055041
1055047
1055053
1055054
1055147
1055149
1055151
1055530
1056035
1056045
1056385
1056419
1056471
1056565
1056678
1056717
1057487
1057820
1057904
1058454
1058600
1058663
1059772
1059784
1059785
1059786
1059787
1060211
1060321
1060326
1060349
1060350
1060353
1060354
1060357
1060506
1061082
1061460
1061497
1061500
1061501
1064193
1064194
1064195
1064197
1064226
1064229
1064267
1065878
1065881
1065882
1066008
1066013
1066526
1066615
1068459
1069705
1069740
1071188
1071205
1071206
1072375
1072376
1072968
1073694
1075181
1076707
1078322
1079693
1079696
1079700
1082377
1083390
