1066615
1056678
1056385
1051322
1033214
1023515
1016364
1015663
1001194
1000654
1000688
998217
997417
989374
972198
966975
965256
923675
267396
267206
91262
85811
85707
94156
93751
93088
93091
87663
90798
91547
92976
93465
87467
94624
96036
95565
96773
86613
95464
94825
86429
91946
92249
87609
97457
87891
96590
93502
92234
96687
92700
89044
95930
91132
93787
93853
97460
95087
95346
86440
95866
1060506
985300
719776
718560
718224
273619
100025
100118
100115
100114
100068
100037
100288
100314
100024
99996
100340
100105
100098
100123
100009
100145
100091
100146
100074
100007
100021
100020
100347
100088
100069
100083
100345
99980
100336
100200
100306
100315
100206
100215
100309
99906
99940
99907
100312
100311
100308
99919
100305
100195
99895
100286
100281
100276
100300
100250
100304
99972
99969
99968
99967
100331
100303
100349
100041
100166
100180
100244
99974
100243
100169
100202
100217
100231
100052
100050
99925
100216
100307
100176
100142
99990
99993
99879
100032
100341
100190
99958
99901
100263
99902
100162
99982
99983
99975
100253
100371
100221
100258
100251
99930
100317
100056
100279
100045
100230
99955
100132
100194
100255
100310
100067
100297
100184
100359
99896
99966
100049
100133
100135
100038
100092
99913
99954
100059
100124
100226
99951
100065
99986
99938
100078
100346
99905
100100
99952
100233
99934
100232
100265
100002
100201
100139
100241
100318
100153
100053
100229
99885
100366
99909
100159
100063
100134
100277
99997
99914
99979
100148
100107
100022
100102
100198
99973
100208
100054
100076
100128
100316
100239
99949
100294
99926
100156
100354
100111
99880
100109
100019
100210
100154
100157
100348
100252
100014
100295
100358
100273
100039
100177
100191
99929
100136
100237
100070
100085
100172
100168
99962
100122
100352
100112
100173
100149
99947
99943
99965
99939
100027
100097
100035
100271
100181
99911
99916
100334
99976
100261
99961
99960
100313
100337
100110
100272
100055
100338
100238
100170
100355
100147
100141
100357
100356
100274
100028
100164
100278
100030
100362
99889
100296
100150
100364
100151
100079
100121
100287
100160
100126
100140
100353
100259
100365
100361
99908
99894
100108
100155
99984
99999
99998
100104
100127
100270
100268
100018
100165
99956
100004
99948
100257
100220
100006
99953
100291
100005
100051
100186
99936
100187
100017
100193
100328
98886
100267
100034
99510
99753
99978
100292
100236
100205
100203
100066
100282
100343
100799
100800
100801
100802
100803
100804
100805
100806
100807
100808
100798
100797
100795
100786
100787
100788
100789
100790
100791
100792
100793
100794
100785
100809
100810
100825
100826
100828
100829
100830
100831
100832
100833
100834
100823
100822
100821
100811
100812
100813
100814
100815
100817
100818
100819
100820
100835
100784
100719
100737
100738
100739
100745
100746
100753
100754
100755
100756
100736
100735
100734
100720
100721
100722
100723
100728
100729
100730
100732
100733
100757
100758
100759
100774
100775
100776
100777
100778
100779
100780
100781
100782
100773
100772
100771
100762
100763
100764
100765
100766
100767
100768
100769
100770
100783
100836
100907
100929
100930
100937
100938
100943
100944
100946
100950
100958
100928
100927
100926
100916
100917
100918
100919
100920
100921
100922
100924
100925
100959
100960
100968
101030
101034
101048
101049
101051
101052
101058
101059
101060
101029
101028
101020
100969
100996
100997
101005
101006
101016
101017
101018
101019
101061
100906
100837
100862
100863
100864
100866
100867
100868
100869
100870
100871
100861
100860
100859
100838
100839
100840
100841
100842
100843
100849
100857
100858
100872
100873
100874
100893
100894
100895
100896
100897
100898
100899
100900
100901
100892
100891
100888
100876
100877
100880
100881
100882
100883
100884
100885
100886
100902
100668
100627
100625
100624
100622
100603
100600
100599
100598
100945
100587
100583
100582
100578
100415
100630
100631
100664
100661
100659
100658
100656
100655
100653
100651
100649
100645
100644
100642
100633
100632
100416
100577
100422
100526
100523
100519
100516
100515
100509
100504
100435
100444
100477
100445
100468
100458
100456
100527
100539
100423
100425
100576
100571
100565
100561
100555
100554
100552
100550
100549
100548
100544
100541
100455
100673
100413
100692
100703
100397
100396
100395
100391
100390
100388
100385
100711
100691
100690
100693
100650
100399
100713
100701
100702
100700
100405
100699
100407
100408
100696
100695
100404
100402
100694
100689
100688
100712
100380
100677
100674
100714
100678
100379
100671
100377
100717
100718
100381
100669
100382
100683
100684
100682
100686
100687
100680
100383
100410
100411
100558
100494
100848
100476
100652
100984
100475
100666
100942
100428
100941
100414
100962
100592
100469
100972
100973
100620
100910
100908
100909
100975
100974
100470
100449
100856
100827
100595
100675
100604
100657
100955
100654
100490
100816
100999
100618
100998
101026
100537
100610
101025
100979
100978
101021
100543
100448
100824
101045
100457
101044
101043
100533
100441
100566
100433
100454
100679
100647
101036
100495
100597
101001
101098
101002
101099
101100
100865
100875
100518
101063
100987
100434
101062
100429
100986
100488
100567
100485
101091
100887
101096
101097
101095
100988
100989
100436
100964
100637
100605
100534
100479
100500
100508
100750
100752
100437
100482
100506
100562
100617
100845
100601
100472
100954
100953
100966
100478
100496
100459
100672
100421
100635
101047
101068
101071
101004
101003
101072
101064
101080
101081
100854
100923
100749
100760
100890
100761
100889
100932
100879
100844
100878
100846
100847
100850
100855
100931
100748
100952
100384
100951
100949
100948
100947
100747
100940
100965
100933
100936
100939
100934
100606
100935
101070
101069
100446
101092
100670
100581
100851
100852
100853
100569
100438
101033
101050
101090
100553
100517
100982
100914
100528
100492
100487
100426
101009
100611
100547
101076
101075
101086
100432
101085
100915
100628
101046
101039
101038
101037
100467
101264
101165
101129
101149
101276
101255
101151
101272
101278
101113
101139
101222
101221
101268
101223
101283
101277
101280
101106
101158
101185
101183
101173
101208
101171
101242
101267
101239
101245
101237
101131
101236
101202
101235
101261
101254
101200
101101
101263
101164
101203
101265
101176
101281
101248
101207
101240
101204
101224
101243
101102
101169
101109
101212
101279
101256
101162
101104
101232
101114
101136
101209
101247
101234
101161
101134
101229
101172
101251
101145
101199
101216
101180
101266
101244
101118
101132
101198
101160
101273
101206
101260
101115
101110
101130
101142
101210
101249
101141
101196
101174
101253
101231
101157
101195
101133
101159
101105
101167
101189
101116
101175
101121
101246
101191
101126
101124
101190
101259
101166
101257
101186
101168
101262
101252
101117
101193
101241
101227
101148
101147
101170
101187
101219
101144
101217
101275
101137
101154
101155
101194
101238
101215
101201
101230
101233
101138
101250
101214
101220
