101192
101211
101271
101153
101274
101181
101127
101213
101225
101125
101123
101112
101143
101282
101152
101269
101119
101146
101177
101228
101226
101218
101111
101163
101128
101156
101205
101122
101197
101150
101188
101178
101179
101270
1049677
1036201
996119
923742
103124
105495
105563
104867
103375
105579
100393
100394
100731
100707
100706
100705
100392
100708
100715
100716
100724
100725
100726
100727
100710
100709
100704
100740
100743
100744
100698
100697
100685
100412
100503
100409
100660
100665
100662
100403
100742
100398
100663
100741
100400
100502
100138
1083390
1082377
1079696
1079700
1076707
1075181
1073694
1072968
1072375
1072376
1071188
1071206
1071205
1069705
1069740
1068459
1066013
1066008
1065881
1065882
1065878
1064229
1064193
1064194
1064197
1064195
1064226
1061082
1060350
1060353
1060354
1060357
1060349
1060211
1059772
1058600
1057820
1055053
1055035
1055149
1055151
1055047
1055041
1053738
1053279
1053185
1053187
1053186
1052599
1052061
1052023
1050504
1050524
1050507
1049851
1049853
1049766
1049793
1045876
1045780
1044848
1043830
1043827
1042322
1042288
1040410
1039991
1039304
1039003
1033954
1032164
1032165
1030053
1030124
1026196
1024894
1025046
1018886
1017866
1015521
1015532
1014495
1008128
1006390
1006406
1006269
1005910
1003836
1001868
1000738
999909
998494
995138
991900
987227
983024
983161
977417
977278
