86832
86838
86839
86840
86841
86842
86845
86846
86847
86848
86849
86850
86851
86852
86853
86854
86856
86857
86860
86861
86862
86865
86867
86869
86870
86871
86872
86873
86874
86875
86876
86877
86878
86879
86880
86881
86882
86883
86884
86885
86886
86888
86889
86892
86893
86894
86896
86898
86901
86902
86904
86905
86907
86909
86910
86911
86913
86914
86916
86918
86919
86920
86921
86922
86923
86924
86926
86927
86928
86929
86930
86931
86932
86933
86934
86935
86936
86937
86938
86939
86940
86942
86944
86945
86946
86947
86950
86952
86953
86954
86955
86956
86957
86959
86960
86961
86962
86963
86965
86966
86968
86969
86970
86971
86972
86973
86975
86976
86977
86978
86979
86981
86983
86984
86985
86986
86987
86988
86990
86992
86993
86994
86995
86998
86999
87000
87002
87003
87005
87007
87010
87011
87012
87014
87016
87018
87019
87020
87021
87023
87026
87028
87030
87033
87034
87035
87036
87037
87038
87039
87042
87044
87046
87047
87048
87049
87050
87052
87053
87054
87058
87059
87061
87062
87063
87064
87066
87067
87068
87072
87073
87074
87075
87076
87077
87078
87079
87080
87081
87082
87083
87086
87089
87092
87094
87095
87099
87103
87104
87105
87106
87107
87108
87109
87110
87111
87112
87113
87114
87115
87116
87118
87120
87121
87123
87124
87125
87126
87127
87128
87129
87130
87131
87132
87133
87134
87135
87136
87137
87138
87139
87140
87141
87142
87144
87145
87146
87148
87150
87151
87152
87153
87154
87155
87156
87157
87158
87159
87160
87161
87166
87167
87168
87169
87171
87172
87173
87174
87175
87176
87177
87178
87179
87180
87182
87183
87185
87188
87190
87191
87192
87193
87194
87195
87196
87197
87201
87202
87203
87205
87208
87209
87211
87212
87213
87214
87215
87216
87217
87218
87219
87224
87225
87228
87229
87231
87232
87234
87235
87236
87237
87238
87239
87240
87242
87243
87245
87246
87248
87250
87253
87254
87255
87256
87257
87258
87260
87261
87262
87263
87264
87265
87266
87267
87268
87269
87271
87275
87276
87277
87278
87280
87282
87283
87284
87285
87287
87288
87289
87290
87291
87293
87294
87300
87301
87307
87308
87310
87311
87314
87316
87317
87318
87319
87320
87321
87322
87323
87324
87330
87331
87332
87333
87334
87336
87337
87340
87343
87345
87350
87351
87352
87353
87354
87355
87357
87358
87359
87360
87362
87363
87365
87368
87370
87371
87372
87373
87374
87375
87377
87378
87380
87382
87383
87386
87388
87391
87392
87393
87394
87395
87396
87399
87400
87402
87404
87405
87406
87407
87408
87409
87410
87411
87412
87413
87414
87420
87421
87422
87425
87426
87429
87430
87431
87432
87434
87435
87436
87438
87439
87441
87442
87443
87444
87445
87447
87448
87449
87450
87451
87452
87454
87455
87456
87457
87458
87459
87461
87463
87464
87465
87466
87467
87468
87469
87473
87475
87476
87477
87478
87479
87480
87481
87482
87483
87484
87485
87486
87487
87488
87489
87491
87493
87494
87496
87498
87502
87505
87506
87508
87510
87512
87513
87514
87517
87518
87519
87520
87525
87529
87530
87531
87533
87535
87536
87537
87538
87539
87540
87541
87542
87543
87544
87545
87548
87550
87551
87553
87554
87555
87556
87557
87558
87559
87560
87561
87564
87565
87566
87567
87570
87571
87572
87573
87575
87577
87578
87579
87580
87581
87582
87583
87584
87585
87586
87589
87590
87591
87592
87594
87595
87596
87597
87598
87600
87602
87603
87605
87607
87608
87609
87611
87613
87614
87617
87618
87619
87620
87622
87625
87628
87631
87632
87633
87635
87636
87638
87639
87640
87641
87642
87643
87644
87646
87648
87649
87650
87651
87654
87655
87657
87659
87662
87663
87664
87665
87666
87667
87668
87669
87670
87671
87672
87673
87674
87677
87678
87680
87681
87684
87685
87686
87687
87688
87689
87690
87691
87692
87693
87694
87695
87696
87697
87698
87699
87701
87702
87703
87705
87709
87712
87713
87714
87715
87718
87719
87720
87723
87726
87727
87728
87729
87730
87731
87736
87738
87739
87740
87741
87744
87745
87746
87747
87748
87749
87750
87751
87752
87754
87755
87756
87758
87759
87760
87761
87766
87768
87769
87777
87780
87781
87782
87783
87784
87785
87789
87790
87802
87807
87815
87818
87822
87824
87825
87826
87828
87830
87832
87833
87834
87835
87836
87840
87841
87842
87843
87845
87847
87849
87851
87852
87853
87854
87856
87857
87862
87865
87867
87868
87870
87871
87875
87877
87878
87879
87880
87881
87883
87884
87885
87886
87888
87889
87890
87891
87892
87893
87895
87896
87898
87900
87901
87902
87903
87906
87907
87908
87909
87910
87912
87914
87915
87916
87917
87918
87919
87920
87921
87922
87924
87925
87926
87927
87928
87929
87930
87931
87932
87936
87937
87938
87939
87940
87941
87944
87945
87946
87947
87948
87949
87953
87954
87955
87957
87960
87961
87963
87966
87968
87969
87970
87972
87976
87977
87978
87979
87980
87982
87983
87984
87985
87986
87990
87992
87995
87999
88000
88001
88002
88003
88004
88006
88009
88013
88014
88015
88017
88021
88022
88024
88026
88027
88031
88032
88033
88035
88036
88037
88038
88039
88040
88041
88046
88048
88049
88050
88051
88053
88054
88055
88057
88058
88059
88061
88062
88063
88064
88065
88066
88067
88068
88069
88070
88072
88073
88074
88076
88077
88078
88080
88085
88095
88096
88097
88101
88102
88103
88104
88106
88107
88110
88112
88113
88114
88116
88118
88119
88120
88121
88122
88123
88125
88126
88127
88129
88130
88131
88133
88134
88135
88136
88137
88138
88139
88140
88141
88142
88143
88144
88145
88146
88147
88149
88150
88151
88152
88153
88154
88155
88156
88157
88158
88159
88160
88161
88162
88163
88164
88166
88168
88169
88170
88173
88174
88175
88176
88177
88178
88179
88180
88181
88182
88184
88186
88187
88190
88191
88195
88196
88197
88199
88200
88201
88202
88203
88204
88205
88206
88207
88209
88210
88211
88213
88214
88215
88216
88217
88219
88220
88223
88225
88228
88231
88234
88235
88237
88239
88243
88249
88251
88252
88253
88254
88255
88256
88259
88261
88262
88263
88264
88265
88266
88267
88268
88270
88271
88272
88273
88274
88275
88277
88278
88279
88281
88286
88287
88288
88289
88290
88291
88292
88293
88294
88295
88297
88298
88299
88300
88303
88305
88306
88307
88308
88311
88312
88314
88319
88320
88324
88325
88327
88328
88329
88332
88333
88334
88335
88337
88339
88340
