85507
85508
85510
85511
85512
85513
85514
85515
85516
85517
85518
85519
85520
85522
85523
85525
85526
85527
85528
85529
85530
85531
85532
85533
85534
85535
85536
85538
85539
85540
85541
85543
85544
85545
85546
85547
85550
85551
85552
85553
85554
85555
85556
85557
85558
85559
85560
85561
85562
85563
85564
85565
85566
85567
85568
85569
85571
85572
85574
85575
85576
85577
85578
85579
85581
85582
85585
85586
85588
85589
85590
85591
85592
85594
85595
85596
85597
85598
85599
85600
85601
85603
85604
85605
85609
85610
85611
85612
85613
85616
85618
85619
85620
85621
85623
85624
85626
85627
85628
85631
85632
85633
85634
85636
85637
85638
85639
85640
85641
85642
85643
85644
85646
85647
85651
85652
85653
85654
85655
85659
85660
85661
85662
85663
85664
85665
85666
85667
85668
85669
85670
85671
85672
85673
85675
85676
85677
85678
85679
85680
85682
85685
85687
85689
85690
85692
85693
85694
85695
85698
85700
85702
85703
85704
85705
85706
85707
85708
85709
85710
85712
85713
85714
85717
85718
85719
85720
85721
85722
85723
85725
85726
85727
85729
85731
85733
85735
85738
85739
85740
85741
85742
85743
85744
85745
85746
85748
85749
85750
85751
85752
85753
85755
85756
85757
85758
85759
85760
85763
85765
85766
85767
85768
85769
85770
85771
85772
85773
85774
85775
85776
85778
85779
85780
85781
85783
85785
85786
85788
85789
85792
85793
85796
85797
85798
85800
85801
85802
85804
85806
85807
85808
85809
85810
85811
85813
85814
85815
85816
85817
85818
85819
85820
85821
85822
85823
85824
85825
85826
85827
85829
85830
85831
85832
85833
85834
85835
85836
85837
85838
85839
85840
85841
85842
85845
85846
85847
85848
85849
85850
85851
85852
85853
85854
85855
85856
85857
85858
85859
85860
85861
85862
85863
85864
85865
85866
85867
85868
85869
85870
85871
85872
85873
85874
85875
85876
85877
85878
85879
85880
85881
85882
85883
85884
85885
85886
85887
85888
85889
85890
85891
85892
85893
85894
85895
85896
85897
85899
85900
85901
85902
85907
85908
85909
85910
85911
85912
85913
85914
85915
85916
85917
85918
85922
85924
85925
85926
85927
85931
85932
85933
85937
85938
85940
85941
85942
85943
85944
85945
85946
85947
85948
85949
85950
85951
85953
85954
85956
85960
85962
85965
85967
85970
85971
85972
85973
85975
85976
85977
85978
85979
85980
85981
85982
85983
85984
85985
85986
85987
85988
85990
85991
85992
85993
85996
85999
86000
86001
86002
86003
86005
86006
86007
86008
86009
86010
86011
86012
86013
86014
86015
86016
86017
86018
86019
86020
86021
86022
86023
86024
86025
86028
86029
86030
86031
86034
86035
86036
86037
86038
86039
86040
86041
86042
86044
86045
86046
86048
86049
86050
86051
86052
86053
86054
86055
86056
86058
86059
86060
86061
86063
86064
86065
86066
86067
86069
86070
86071
86072
86073
86074
86075
86076
86077
86079
86080
86081
86082
86083
86084
86085
86086
86088
86089
86090
86091
86092
86093
86094
86095
86096
86097
86098
86099
86100
86101
86102
86103
86104
86105
86106
86107
86108
86109
86110
86111
86112
86113
86115
86116
86117
86120
86121
86122
86123
86124
86125
86126
86127
86128
86129
86130
86131
86132
86133
86134
86135
86136
86137
86138
86139
86140
86141
86142
86143
86144
86145
86146
86147
86148
86150
86151
86152
86153
86154
86156
86157
86158
86160
86161
86162
86163
86164
86165
86166
86167
86168
86169
86170
86171
86172
86173
86174
86175
86176
86177
86178
86179
86181
86182
86183
86184
86185
86186
86187
86189
86190
86191
86192
86193
86194
86195
86196
86197
86198
86199
86200
86201
86202
86203
86204
86205
86207
86208
86211
86212
86214
86215
86217
86219
86220
86222
86223
86224
86225
86227
86228
86229
86232
86233
86235
86237
86238
86239
86240
86241
86246
86248
86251
86252
86253
86254
86255
86256
86257
86258
86259
86260
86261
86262
86263
86264
86265
86267
86270
86271
86272
86273
86274
86275
86276
86277
86278
86279
86280
86283
86284
86286
86287
86288
86289
86290
86291
86292
86293
86294
86295
86297
86298
86299
86300
86301
86302
86304
86305
86307
86308
86309
86310
86311
86312
86313
86314
86315
86316
86317
86318
86319
86321
86322
86323
86326
86328
86330
86332
86334
86335
86337
86338
86339
86340
86341
86342
86343
86344
86345
86347
86348
86349
86350
86351
86352
86353
86355
86358
86360
86365
86366
86367
86369
86372
86373
86374
86375
86376
86377
86378
86379
86380
86381
86382
86383
86384
86386
86387
86393
86396
86399
86402
86403
86405
86406
86407
86408
86409
86412
86414
86415
86416
86421
86424
86429
86435
86439
86440
86444
86446
86447
86449
86451
86452
86453
86458
86459
86460
86461
86463
86464
86465
86468
86470
86471
86472
86473
86474
86475
86477
86478
86479
86480
86481
86482
86483
86484
86485
86487
86488
86489
86490
86491
86493
86496
86498
86499
86500
86501
86502
86503
86504
86506
86507
86508
86509
86510
86512
86513
86515
86516
86517
86519
86520
86522
86523
86524
86526
86527
86528
86530
86531
86532
86533
86536
86537
86538
86539
86541
86542
86543
86545
86546
86547
86549
86550
86552
86554
86555
86556
86557
86559
86562
86564
86565
86566
86567
86568
86569
86570
86571
86572
86574
86580
86581
86585
86589
86590
86592
86594
86595
86596
86597
86598
86599
86600
86601
86603
86605
86606
86607
86609
86611
86612
86613
86614
86615
86616
86617
86621
86622
86623
86624
86625
86627
86628
86631
86632
86633
86637
86638
86639
86640
86641
86643
86644
86645
86646
86647
86648
86649
86650
86651
86652
86653
86654
86656
86657
86658
86659
86660
86661
86662
86663
86664
86665
86666
86667
86668
86669
86672
86673
86674
86677
86679
86681
86682
86683
86684
86685
86686
86688
86689
86691
86692
86693
86694
86695
86697
86698
86700
86701
86702
86703
86704
86705
86706
86707
86708
86710
86714
86716
86717
86719
86720
86721
86722
86724
86725
86726
86727
86728
86729
86730
86731
86732
86733
86734
86735
86736
86739
86740
86741
86742
86743
86745
86746
86747
86748
86749
86750
86752
86753
86755
86756
86757
86758
86759
86760
86761
86762
86763
86764
86765
86766
86770
86771
86772
86774
86776
86777
86778
86779
86780
86781
86783
86784
86786
86787
86789
86790
86791
86793
86796
86800
86801
86802
86803
86804
86806
86807
86809
86810
86811
86812
86815
86817
86820
86822
86823
86827
86830
86831
