92238
92239
92240
92241
92244
92245
92246
92247
92248
92249
92250
92253
92254
92255
92257
92258
92259
92260
92261
92262
92263
92264
92265
92266
92267
92268
92269
92270
92271
92273
92274
92275
92276
92277
92278
92279
92280
92281
92282
92283
92284
92285
92286
92287
92288
92290
92291
92292
92293
92294
92295
92296
92297
92298
92300
92301
92302
92303
92304
92305
92306
92307
92308
92309
92310
92311
92312
92313
92314
92315
92316
92317
92318
92319
92320
92321
92322
92323
92324
92325
92326
92327
92328
92329
92330
92331
92332
92333
92334
92335
92336
92337
92338
92339
92340
92341
92342
92343
92344
92345
92346
92347
92348
92349
92350
92351
92352
92353
92354
92355
92356
92357
92358
92360
92361
92362
92364
92365
92366
92367
92368
92370
92371
92372
92373
92374
92375
92377
92378
92379
92381
92382
92383
92386
92387
92388
92389
92390
92392
92393
92395
92396
92397
92398
92399
92400
92402
92403
92404
92405
92406
92407
92408
92409
92410
92411
92412
92413
92414
92415
92416
92417
92418
92419
92420
92421
92422
92423
92426
92427
92429
92430
92431
92432
92433
92435
92438
92439
92440
92443
92445
92446
92448
92449
92450
92452
92455
92456
92457
92461
92464
92465
92466
92467
92468
92470
92472
92473
92474
92476
92477
92479
92481
92482
92483
92484
92487
92489
92490
92492
92493
92495
92496
92497
92498
92499
92500
92504
92505
92506
92507
92508
92509
92510
92511
92512
92513
92514
92515
92517
92518
92519
92520
92521
92522
92523
92524
92527
92528
92529
92530
92531
92533
92534
92535
92536
92537
92538
92539
92540
92541
92542
92543
92544
92545
92546
92549
92550
92552
92553
92554
92555
92556
92557
92558
92559
92560
92561
92562
92563
92565
92566
92567
92568
92571
92573
92574
92575
92576
92577
92578
92579
92580
92581
92582
92583
92584
92585
92586
92587
92588
92589
92590
92591
92592
92593
92594
92595
92596
92597
92598
92599
92600
92601
92602
92603
92604
92605
92607
92609
92610
92611
92612
92613
92614
92615
92616
92617
92618
92620
92621
92622
92624
92625
92628
92630
92631
92632
92633
92634
92635
92637
92639
92640
92641
92643
92644
92645
92646
92647
92650
92651
92653
92655
92658
92659
92663
92664
92665
92666
92667
92668
92670
92671
92672
92674
92675
92676
92678
92681
92682
92683
92684
92685
92686
92687
92688
92689
92691
92692
92693
92694
92695
92697
92699
92700
92701
92703
92704
92706
92708
92709
92711
92713
92714
92715
92716
92717
92719
92720
92721
92724
92727
92728
92730
92731
92732
92733
92734
92736
92737
92738
92739
92741
92743
92744
92746
92747
92748
92749
92750
92751
92752
92753
92754
92755
92756
92757
92758
92759
92760
92761
92762
92763
92764
92765
92767
92768
92769
92770
92771
92772
92773
92775
92776
92777
92779
92780
92783
92784
92785
92787
92788
92791
92792
92793
92794
92796
92797
92798
92800
92801
92802
92804
92805
92806
92807
92810
92812
92813
92814
92816
92817
92818
92819
92823
92825
92826
92827
92828
92829
92831
92833
92835
92836
92838
92839
92840
92841
92842
92843
92844
92845
92846
92847
92848
92850
92851
92852
92854
92855
92856
92857
92858
92861
92862
92863
92864
92865
92866
92867
92868
92870
92871
92872
92873
92874
92875
92876
92877
92880
92882
92883
92884
92885
92887
92888
92890
92891
92892
92893
92895
92896
92897
92898
92899
92900
92902
92904
92905
92906
92907
92909
92910
92912
92914
92915
92916
92918
92919
92921
92922
92924
92925
92926
92927
92929
92930
92936
92937
92942
92943
92947
92948
92950
92951
92952
92953
92955
92957
92958
92959
92961
92962
92963
92965
92966
92967
92968
92969
92970
92971
92972
92976
92977
92978
92981
92984
92987
92989
92990
92991
92992
92994
92995
92998
92999
93000
93001
93002
93003
93004
93005
93006
93007
93008
93010
93011
93012
93013
93014
93015
93016
93019
93020
93021
93022
93023
93024
93025
93026
93027
93028
93029
93030
93031
93032
93033
93034
93035
93036
93037
93039
93043
93045
93050
93052
93053
93054
93058
93059
93063
93064
93065
93066
93067
93068
93069
93070
93071
93072
93075
93076
93077
93078
93080
93081
93082
93083
93084
93085
93086
93087
93088
93089
93090
93091
93092
93093
93094
93095
93098
93101
93102
93103
93106
93107
93108
93109
93110
93111
93112
93113
93114
93115
93116
93117
93118
93119
93121
93122
93123
93124
93125
93126
93127
93128
93130
93131
93132
93133
93134
93135
93136
93137
93138
93139
93141
93142
93143
93144
93145
93146
93147
93148
93151
93154
93156
93157
93158
93164
93166
93167
93168
93169
93172
93173
93176
93177
93178
93183
93184
93185
93186
93187
93189
93190
93192
93193
93194
93195
93196
93197
93198
93199
93202
93203
93204
93205
93206
93207
93210
93212
93215
93216
93217
93218
93219
93220
93221
93223
93224
93225
93226
93227
93230
93231
93232
93233
93234
93235
93236
93237
93239
93241
93243
93244
93245
93246
93247
93248
93249
93250
93251
93252
93253
93254
93255
93256
93257
93258
93259
93260
93265
93269
93270
93271
93273
93274
93281
93282
93286
93288
93290
93291
93292
93293
93294
93295
93296
93297
93299
93300
93303
93305
93308
93309
93311
93312
93313
93316
93318
93319
93320
93321
93324
93325
93326
93329
93332
93333
93334
93336
93339
93340
93344
93347
93348
93349
93350
93351
93352
93353
93355
93358
93359
93360
93361
93362
93363
93365
93366
93368
93369
93370
93371
93372
93374
93375
93376
93377
93378
93379
93380
93381
93382
93383
93384
93385
93386
93387
93389
93390
93392
93393
93394
93395
93397
93398
93399
93400
93401
93402
93403
93410
93411
93412
93413
93414
93417
93419
93420
93421
93422
93423
93425
93426
93427
93431
93433
93434
93435
93438
93440
93442
93444
93445
93446
93447
93450
93452
93453
93454
93455
93457
93458
93460
93461
93462
93465
93468
93469
93472
93473
93475
93476
93477
93479
93480
93481
93482
93484
93485
93486
93487
93488
93489
93490
93492
93493
93494
93496
93497
93498
93499
93501
93502
93503
93504
93505
93507
93508
93512
93513
93514
93515
93516
93518
93519
93520
93521
93523
93524
93525
93526
93527
93530
93532
93533
93534
93535
93536
93537
93538
93539
93540
93541
93542
93543
93545
93546
93547
93548
93550
93552
93554
93556
93558
93560
93561
93562
93563
93567
93568
93569
93570
93572
93573
93574
93575
93577
93578
93579
93580
93581
93582
93583
93584
93585
93586
