88341
88343
88345
88348
88351
88352
88353
88354
88355
88356
88359
88361
88364
88365
88366
88367
88368
88369
88370
88371
88372
88374
88375
88376
88377
88378
88379
88380
88382
88383
88385
88386
88387
88388
88389
88390
88392
88393
88395
88396
88397
88399
88400
88401
88402
88403
88404
88405
88406
88407
88408
88409
88410
88411
88412
88413
88414
88415
88416
88417
88418
88419
88420
88421
88422
88423
88424
88425
88427
88428
88429
88430
88431
88433
88435
88436
88437
88438
88439
88440
88441
88442
88443
88444
88445
88448
88449
88451
88453
88454
88455
88456
88457
88458
88460
88463
88464
88465
88466
88467
88468
88469
88470
88471
88472
88474
88475
88476
88477
88479
88480
88481
88482
88483
88484
88485
88486
88487
88488
88489
88490
88491
88492
88493
88495
88496
88498
88499
88500
88501
88506
88507
88508
88509
88511
88512
88513
88514
88516
88517
88522
88523
88524
88525
88526
88527
88528
88529
88530
88531
88533
88537
88538
88540
88541
88542
88543
88544
88545
88546
88547
88548
88549
88550
88551
88552
88553
88554
88555
88556
88557
88558
88559
88560
88561
88562
88563
88564
88565
88566
88569
88570
88574
88577
88580
88584
88585
88586
88587
88589
88590
88592
88593
88594
88597
88602
88604
88605
88606
88613
88616
88617
88618
88619
88620
88623
88624
88626
88629
88635
88636
88638
88639
88640
88641
88642
88643
88644
88645
88646
88647
88648
88649
88651
88652
88654
88655
88657
88658
88659
88660
88661
88662
88663
88664
88665
88666
88667
88668
88669
88670
88671
88672
88673
88674
88675
88676
88677
88678
88679
88680
88681
88682
88683
88685
88686
88687
88688
88689
88690
88691
88693
88694
88696
88697
88699
88700
88702
88703
88704
88705
88706
88707
88708
88709
88710
88711
88712
88713
88714
88717
88718
88720
88721
88722
88723
88724
88726
88727
88729
88730
88731
88732
88735
88736
88737
88738
88741
88742
88743
88747
88748
88750
88751
88756
88757
88758
88760
88764
88765
88766
88767
88768
88769
88770
88771
88772
88773
88774
88775
88776
88777
88778
88780
88781
88782
88783
88784
88785
88786
88787
88789
88790
88791
88792
88793
88794
88795
88796
88799
88800
88801
88802
88803
88804
88805
88806
88809
88810
88812
88813
88814
88815
88816
88818
88819
88820
88821
88822
88823
88824
88825
88826
88827
88828
88829
88830
88831
88832
88834
88837
88838
88839
88841
88842
88843
88844
88845
88846
88849
88850
88851
88852
88853
88854
88855
88856
88857
88858
88859
88860
88861
88862
88864
88866
88869
88870
88871
88872
88873
88874
88876
88879
88881
88882
88883
88884
88885
88886
88889
88891
88892
88893
88894
88895
88896
88897
88898
88899
88901
88902
88903
88904
88905
88906
88907
88908
88909
88910
88911
88912
88913
88915
88916
88917
88918
88920
88921
88922
88923
88925
88926
88927
88928
88929
88932
88933
88935
88936
88937
88939
88940
88941
88942
88943
88944
88945
88946
88947
88948
88949
88951
88952
88953
88954
88955
88956
88957
88958
88959
88960
88962
88963
88964
88966
88967
88968
88969
88970
88972
88973
88974
88976
88978
88979
88980
88981
88982
88983
88984
88985
88993
88994
88995
88996
88997
88999
89000
89001
89002
89003
89004
89005
89007
89008
89009
89010
89011
89012
89013
89014
89015
89017
89019
89020
89022
89023
89024
89025
89026
89027
89028
89029
89030
89031
89032
89033
89034
89036
89037
89038
89039
89040
89041
89042
89043
89044
89045
89046
89047
89048
89049
89050
89052
89053
89054
89055
89058
89060
89061
89062
89063
89064
89067
89068
89070
89072
89073
89074
89075
89076
89078
89080
89081
89082
89084
89085
89086
89087
89088
89089
89090
89093
89094
89095
89096
89098
89099
89101
89102
89103
89104
89105
89106
89107
89110
89111
89112
89113
89114
89116
89117
89118
89119
89120
89121
89122
89123
89124
89125
89126
89127
89128
89129
89130
89131
89133
89134
89138
89139
89140
89141
89142
89143
89144
89146
89147
89149
89150
89151
89152
89154
89155
89156
89157
89158
89159
89160
89161
89162
89163
89165
89166
89167
89168
89169
89170
89171
89172
89173
89174
89175
89176
89177
89178
89179
89180
89181
89182
89183
89184
89185
89186
89187
89188
89189
89190
89191
89192
89193
89194
89195
89196
89199
89200
89201
89202
89203
89204
89205
89206
89207
89208
89209
89210
89211
89212
89213
89214
89215
89216
89217
89218
89219
89220
89221
89222
89223
89225
89226
89227
89228
89229
89230
89231
89232
89233
89234
89235
89236
89237
89238
89239
89240
89241
89242
89243
89246
89247
89249
89250
89252
89253
89257
89259
89260
89262
89263
89264
89265
89266
89267
89268
89270
89272
89273
89275
89276
89277
89279
89280
89281
89282
89283
89285
89287
89288
89292
89293
89294
89295
89296
89297
89298
89300
89302
89303
89304
89305
89306
89307
89308
89309
89310
89311
89312
89313
89314
89317
89318
89319
89320
89322
89323
89324
89325
89326
89327
89328
89330
89333
89335
89336
89337
89338
89340
89341
89342
89343
89344
89345
89346
89347
89348
89349
89350
89351
89352
89353
89354
89355
89356
89357
89358
89359
89360
89361
89363
89365
89366
89368
89371
89372
89373
89374
89376
89377
89378
89379
89380
89381
89384
89386
89388
89389
89390
89392
89393
89394
89395
89396
89397
89398
89399
89400
89401
89402
89403
89404
89405
89406
89407
89409
89410
89411
89412
89413
89414
89415
89416
89417
89418
89419
89420
89421
89422
89423
89424
89427
89428
89429
89430
89431
89432
89433
89434
89435
89437
89438
89439
89440
89441
89442
89444
89445
89446
89447
89449
89450
89451
89452
89453
89454
89455
89456
89457
89458
89459
89460
89461
89463
89464
89465
89466
89467
89468
89469
89470
89471
89472
89473
89474
89477
89478
89479
89480
89481
89482
89483
89485
89486
89487
89488
89490
89492
89493
89494
89495
89496
89497
89498
89499
89500
89501
89502
89503
89504
89505
89506
89508
89509
89510
89511
89512
89513
89514
89515
89516
89517
89518
89520
89521
89522
89523
89524
89525
89526
89528
89529
89530
89531
89533
89534
89535
89536
89537
89538
89539
89540
89541
89542
89546
89548
89549
89552
89553
89555
89556
89557
89558
89559
89560
89561
89563
89564
89565
89567
89568
89569
89570
89571
89573
89574
89575
89576
89577
89579
89580
89581
89585
89587
89588
89589
89590
89592
89593
89594
89596
89604
89608
89609
89610
89612
89613
89617
89619
89620
89622
89624
89625
