106844
106845
106846
106847
106848
106849
106850
106851
106852
106854
106855
106856
106857
106858
106859
106860
106861
106862
106863
106864
106865
106866
106867
106868
106869
106870
106871
106872
106873
106874
106875
106876
106877
106878
106879
106880
106882
106883
106884
106885
106886
106887
106888
106889
106890
106891
106892
106893
106894
106895
106896
106897
106898
106899
106900
106901
106902
106903
106904
106906
106907
106908
106909
106910
106911
106912
106913
106914
106915
106916
106917
106918
106919
106920
106921
106922
106923
106924
106925
106927
106928
106929
106930
106931
106933
106935
106936
106937
106940
106941
106942
106943
106944
106945
106946
106947
106948
106949
106950
106951
106952
106953
106954
106955
106956
106957
106958
106959
106960
106961
106962
106963
106964
106965
106966
106967
106968
106969
106970
106971
106972
106973
106974
106975
106976
106977
106978
106979
106980
106981
106982
106983
106984
106985
106986
106987
106988
106989
106990
106991
106992
106993
106994
106995
106996
106997
106998
106999
107000
107001
107002
107003
107004
107005
107006
107007
107008
107009
107010
107011
107012
107013
107014
107015
107016
107017
107018
107019
107020
107021
107022
107023
107024
107025
107026
107027
107028
107029
107030
107031
107032
107034
107035
107036
107037
107038
107039
107040
107041
107042
107043
107044
107045
107046
107047
107048
107049
107050
107051
107052
107053
107054
107055
107056
107057
107058
107059
107060
107061
107062
107063
107064
107065
107066
107067
107068
107069
107070
107071
107072
107073
107074
107075
107076
107077
107078
107079
107080
107081
107082
107083
107084
107085
107086
107087
107088
107089
107090
107091
107092
107093
107094
107095
107096
107097
107098
107099
107100
107101
107102
107103
107104
107105
107106
107107
107108
107109
107110
107111
107112
107113
107114
107115
107116
107117
107118
107119
107120
107121
107123
107124
107125
107126
107127
107128
107129
107130
107131
107132
107133
107134
107135
107136
107137
107138
107139
107140
107141
107142
107143
107144
107146
107147
107148
107149
107150
107151
107154
107155
107157
107158
107159
107161
107162
107163
107164
107165
107166
107167
107168
107170
107171
107172
107173
107174
107175
107176
107177
107178
107179
107180
107181
107182
107183
107184
107185
107186
107187
107188
107189
107190
107191
107192
107193
107194
107195
107196
107197
107198
107199
107201
107202
107203
107204
107205
107206
107207
107208
107209
107211
107212
107213
107215
107216
107217
107218
107219
107220
107221
107222
107223
107224
107225
107226
107227
107228
107229
107230
107231
107232
107233
107234
107235
107236
107237
107238
107239
107240
107241
107242
107243
107244
107245
107246
107247
107248
107249
107250
107251
107252
107253
107254
107255
107256
107257
107258
107259
107260
107261
107262
107263
107264
107265
107266
107267
107268
107269
107270
107271
107272
107273
107274
107275
107276
107277
107278
107279
107280
107281
107282
107283
107284
107285
107286
107287
107288
107289
107290
107291
107292
107293
107294
107295
107296
107297
107298
107299
107300
107301
107302
107303
107304
107305
107306
107307
107308
107309
107310
107311
107312
107313
107314
107315
107316
107317
107318
107319
107320
107321
107322
107323
107324
107325
107326
107327
107328
107329
107330
107331
107332
107333
107334
107335
107336
107337
107338
107339
107340
107341
107342
107343
107345
107346
107347
107348
107349
107351
107352
107353
107354
107355
107356
107357
107358
107359
107360
107361
107362
107363
107364
107365
107366
107367
107368
107369
107370
107371
107372
107373
107374
107375
107376
107377
107378
107379
107380
107381
107382
107383
107384
107385
107386
107387
107388
107389
107390
107391
107392
107393
107394
107395
107396
107397
107398
107399
107400
107401
107402
107403
107404
107405
107406
107407
107408
107409
107410
107411
107412
107413
107414
107415
107416
107417
107418
107419
107420
107421
107422
107423
107424
107425
107426
107427
107428
107429
107430
107431
107432
107433
107434
107435
107436
107437
107438
107439
107440
107441
107442
107443
107444
107445
107446
107447
107448
107449
107450
107451
107452
107453
107454
107455
107456
107457
107458
107459
107460
107461
107462
107463
107464
107465
107466
107468
107469
107470
107471
107472
107474
107475
107476
107477
107478
107479
107480
107481
107482
107483
107485
107486
107487
107488
107489
107490
107491
107492
107493
107494
107495
107496
107497
107498
107499
107500
107501
107502
107503
107504
107505
107506
107507
107508
107509
107510
107511
107512
107513
107514
107515
107516
107517
107518
107519
107520
107521
107522
107523
107524
107525
107526
162262
162263
162264
162266
162267
162269
162270
162271
162304
162305
162306
162307
162309
162310
162311
162312
162313
162314
162315
162316
162318
162319
162320
162321
162322
162323
162324
162325
162326
162327
162328
162329
162330
162331
162332
162333
162334
162335
162336
162337
162338
162339
162340
162341
162342
162343
162344
162346
162347
162348
162349
162350
162351
162352
162353
162354
162356
162358
162359
162360
162361
162362
162363
162364
162365
162366
162367
162369
162370
162371
162372
162373
162374
162375
162376
162377
162378
162379
162380
162381
162382
162383
162384
162385
162386
162387
162388
162389
162391
162392
162393
162394
162395
162396
162397
162398
162399
162400
162401
162402
162404
162405
162406
162407
162409
162410
162411
162412
162413
162414
162415
162416
162417
162418
162419
162420
162421
162422
162423
162424
162425
162429
162436
162438
162439
162442
162444
162445
162446
162448
162449
162450
162451
162452
162453
162454
162455
162456
162457
162458
162461
162462
162464
162465
162467
197794
197795
197796
197797
197798
197799
197800
197801
197802
197803
197804
197805
197806
197807
197808
197809
197810
197811
197812
197813
197814
197816
197817
197818
197819
197820
197821
197822
197823
197824
197826
197827
197828
197829
197830
197831
197832
197833
197834
197835
197837
197839
197841
197842
197843
197844
197845
197847
197849
197851
199109
199110
199111
199112
199113
199114
199115
199120
199121
199126
199127
199129
199130
199131
199132
199133
199134
199197
199210
199211
199212
199214
240203
240228
240229
240231
240232
240233
240235
240236
240264
240267
240274
266319
266320
266321
266322
266323
266324
266325
266326
266328
266330
266331
266332
266333
266334
266335
266337
266339
266340
266341
266342
266343
266344
266345
266347
266348
266349
266350
266351
266352
266353
266354
266355
266356
266358
266359
266360
266361
266362
266363
266364
266366
266367
266368
266369
266370
266371
266372
266373
266374
266375
266376
266377
266378
266379
266380
266381
266382
266383
266384
266385
266386
266387
266388
266389
266390
266391
266392
266393
266394
266395
266396
266397
266398
266399
266400
266401
266402
266403
266404
266405
266406
266407
266408
266409
266410
266411
266412
266413
266414
266415
266416
266417
266418
266420
266421
266423
266425
266426
266427
266428
266429
266430
266431
266432
266433
266434
266435
266436
266437
266438
266440
266441
266442
