95078
95079
95080
95081
95082
95084
95085
95086
95087
95089
95091
95093
95094
95095
95096
95097
95098
95099
95100
95101
95102
95103
95104
95105
95106
95107
95108
95110
95111
95113
95115
95116
95118
95119
95120
95121
95123
95125
95126
95127
95129
95130
95131
95134
95135
95137
95139
95140
95142
95143
95146
95148
95149
95150
95151
95153
95155
95156
95157
95158
95160
95161
95162
95163
95164
95166
95167
95168
95169
95170
95171
95172
95173
95175
95176
95177
95179
95181
95183
95184
95185
95186
95187
95189
95190
95191
95192
95193
95194
95196
95198
95200
95201
95202
95203
95204
95205
95206
95207
95208
95209
95210
95212
95213
95214
95215
95216
95217
95218
95219
95220
95222
95223
95224
95225
95229
95230
95232
95233
95238
95240
95241
95242
95246
95249
95252
95254
95255
95256
95257
95261
95262
95263
95264
95265
95266
95269
95270
95271
95272
95273
95274
95276
95277
95280
95281
95282
95283
95286
95287
95288
95289
95290
95291
95292
95293
95297
95298
95300
95301
95302
95303
95308
95309
95312
95313
95315
95316
95317
95318
95322
95325
95326
95327
95328
95329
95330
95332
95335
95336
95339
95340
95341
95342
95343
95345
95346
95347
95348
95349
95350
95352
95353
95355
95356
95357
95358
95359
95360
95361
95362
95363
95364
95365
95368
95369
95371
95372
95373
95375
95376
95377
95378
95379
95380
95381
95382
95386
95387
95388
95389
95391
95392
95393
95394
95395
95397
95398
95400
95403
95404
95406
95408
95410
95411
95413
95415
95416
95417
95419
95420
95421
95424
95426
95427
95428
95429
95430
95431
95432
95433
95434
95435
95436
95437
95439
95441
95443
95444
95445
95447
95448
95449
95450
95451
95455
95456
95458
95459
95460
95461
95462
95464
95465
95466
95467
95468
95469
95470
95471
95472
95475
95476
95481
95482
95483
95484
95487
95491
95495
95497
95498
95499
95500
95502
95503
95504
95505
95506
95507
95508
95509
95510
95513
95514
95515
95516
95519
95520
95521
95522
95523
95524
95527
95533
95540
95541
95543
95544
95545
95547
95549
95550
95551
95552
95553
95554
95555
95556
95562
95564
95565
95567
95571
95572
95574
95576
95577
95578
95579
95580
95582
95584
95585
95589
95591
95593
95594
95595
95596
95598
95599
95600
95602
95605
95607
95608
95609
95610
95611
95612
95613
95614
95615
95616
95617
95618
95620
95621
95622
95624
95625
95627
95629
95630
95631
95632
95633
95634
95635
95636
95637
95639
95640
95645
95646
95647
95649
95650
95651
95652
95653
95656
95657
95658
95659
95661
95663
95664
95665
95667
95668
95670
95671
95672
95674
95677
95683
95684
95685
95686
95687
95690
95692
95694
95699
95702
95705
95706
95707
95709
95710
95712
95713
95715
95717
95718
95719
95721
95722
95723
95724
95725
95727
95728
95729
95730
95731
95734
95735
95736
95738
95739
95741
95742
95743
95744
95746
95747
95749
95750
95751
95754
95755
95756
95757
95758
95761
95762
95763
95765
95767
95769
95771
95775
95780
95785
95786
95787
95788
95789
95790
95791
95792
95795
95796
95797
95798
95800
95801
95803
95804
95805
95806
95808
95809
95811
95813
95814
95816
95817
95818
95820
95823
95824
95825
95826
95827
95830
95831
95833
95834
95835
95837
95838
95839
95840
95841
95842
95843
95844
95846
95847
95848
95849
95851
95852
95853
95854
95855
95856
95858
95860
95861
95863
95864
95866
95867
95868
95870
95871
95872
95874
95875
95877
95878
95879
95880
95881
95882
95883
95887
95888
95889
95890
95892
95894
95895
95897
95898
95899
95902
95903
95904
95907
95909
95910
95916
95918
95920
95922
95925
95927
95928
95930
95932
95937
95938
95939
95940
95941
95942
95943
95944
95945
95946
95947
95948
95949
95950
95952
95953
95954
95955
95956
95957
95958
95959
95960
95963
95966
95967
95968
95969
95970
95971
95972
95973
95975
95977
95982
95983
95984
95985
95986
95987
95988
95989
95990
95991
95992
95993
95995
95996
95997
95998
96001
96002
96003
96005
96006
96008
96009
96013
96015
96016
96017
96018
96020
96023
96025
96026
96029
96030
96031
96034
96036
96038
96041
96042
96043
96044
96045
96046
96047
96048
96049
96050
96053
96054
96055
96057
96058
96060
96061
96062
96063
96070
96072
96073
96074
96075
96076
96077
96079
96080
96083
96084
96085
96087
96088
96089
96090
96091
96092
96095
96098
96099
96100
96102
96103
96104
96105
96108
96109
96110
96111
96113
96114
96116
96117
96118
96119
96120
96121
96122
96124
96128
96129
96131
96132
96133
96136
96137
96139
96141
96149
96152
96154
96156
96157
96160
96162
96163
96164
96165
96166
96168
96170
96171
96172
96173
96176
96177
96182
96183
96184
96185
96187
96189
96191
96193
96194
96195
96197
96200
96201
96202
96203
96204
96205
96207
96209
96210
96212
96213
96214
96215
96216
96217
96218
96220
96222
96224
96226
96228
96229
96230
96231
96232
96233
96234
96235
96236
96237
96238
96240
96241
96242
96243
96245
96246
96247
96250
96251
96252
96253
96254
96255
96256
96257
96258
96259
96260
96261
96263
96264
96266
96267
96268
96269
96270
96271
96272
96273
96275
96276
96278
96279
96280
96281
96282
96284
96285
96286
96287
96288
96289
96290
96291
96292
96293
96294
96296
96298
96300
96301
96303
96304
96305
96306
96307
96309
96310
96311
96313
96314
96315
96316
96318
96319
96320
96321
96322
96324
96325
96326
96327
96330
96331
96332
96334
96335
96336
96337
96342
96343
96346
96350
96352
96353
96354
96355
96356
96357
96358
96359
96364
96365
96366
96367
96370
96372
96373
96374
96375
96376
96378
96379
96383
96386
96389
96391
96392
96393
96394
96395
96396
96397
96398
96399
96400
96401
96402
96403
96404
96405
96406
96407
96408
96409
96410
96411
96412
96413
96414
96415
96416
96417
96418
96419
96420
96421
96422
96423
96424
96425
96426
96427
96429
96430
96431
96433
96434
96436
96441
96443
96445
96446
96451
96452
96455
96457
96459
96460
96462
96465
96466
96468
96469
96470
96472
96473
96475
96476
96477
96479
96482
96484
96485
96487
96489
96490
96492
96493
96498
96499
96501
96504
96506
96507
96509
96510
96511
96512
96514
96516
96517
96518
96523
96525
96527
96529
96530
96534
96537
96540
96543
96547
96548
96550
96552
96553
96554
96560
96561
96562
96563
96564
96565
96566
96567
96569
96570
96571
96572
96573
96574
96575
96576
96577
96579
96580
96582
96583
96584
96586
96588
96589
96590
