983718
983719
983725
983728
983729
983730
983731
983737
983749
983751
983757
983762
983769
983778
983780
983782
983786
983975
984016
984030
984050
984071
984076
984080
984090
984734
985000
985001
985004
985009
985041
985048
985060
985164
985218
985240
985241
985245
985246
985249
985253
985262
985268
985269
985270
985273
985278
985280
985281
985294
985300
985302
985319
985326
985327
985328
985329
985330
985331
985332
985333
985334
985336
985337
985338
985339
985340
985341
985342
985353
985358
985359
985361
985645
985647
985691
986170
986230
986232
986233
986234
986268
986326
986327
986330
986331
986478
986479
986480
986481
986484
986561
986657
986687
986778
986783
986786
986788
986790
986798
986800
986804
986807
986811
986816
986824
986830
986833
986851
986855
987175
987183
987184
987188
987190
987193
987195
987199
987227
987244
987245
987246
987248
987279
987509
987510
988559
988563
988568
988570
988572
988574
988891
988893
988894
988896
988916
989101
989371
989372
989374
989451
989464
989466
989532
989726
989736
989738
989998
990011
990015
990016
990017
990018
990421
990424
990425
990437
990448
990449
990455
990457
990458
990459
990736
990740
990758
990764
990863
990864
990867
990873
990874
990877
990879
990883
990886
990890
990924
990930
991066
991071
991083
991084
991096
991832
991833
991834
991835
991836
991837
991839
991840
991843
991869
991893
991895
991897
991898
991900
991902
991916
991920
991922
991925
991928
991931
991936
991994
991995
992139
992142
992145
992150
992152
992153
992156
992159
992161
992164
992165
992167
992546
992551
992563
992565
992568
992571
992573
992576
992577
992579
992824
992826
993381
993382
993383
993384
993385
993387
993438
993439
993440
993441
993443
993444
993446
993447
993448
993449
993450
993452
993454
993456
993458
993649
993670
993673
993678
993680
993682
993695
993711
993712
993714
993715
993721
993753
993754
993755
993756
993764
993765
993767
993768
993770
993771
993773
993774
993775
993778
993779
993780
993781
993782
993783
993784
993785
993786
993787
993788
993790
993791
993792
993793
993794
993796
993797
993799
993801
993802
993803
993805
993806
993808
993809
993822
993823
993824
993826
993830
993831
993836
993839
993855
993856
993857
993858
993860
993869
993870
993876
993877
993878
993881
993886
993887
994038
994040
994043
994045
994046
994048
994049
994060
994457
994459
994460
994462
994463
994466
994467
994481
994482
994483
994486
994719
994725
994728
994776
994880
995123
995124
995125
995127
995132
995134
995137
995138
995140
995142
995143
995144
995145
995147
995148
995149
995279
995713
995714
995715
995716
995810
995906
996118
996119
996200
996478
996480
996618
996627
996656
996692
996709
996711
996717
996747
996767
996768
996770
996772
996773
996783
996801
996819
996824
996831
996835
996837
996839
996845
996846
996880
996943
996955
996960
996962
996973
996976
997016
997017
997042
997043
997053
997142
997155
997166
997253
997391
997403
997417
997463
997629
997642
997656
997667
997668
997669
997673
997675
997676
997677
997678
997684
997685
997714
997721
997728
997729
997756
997769
997772
997774
997778
997786
997789
997929
997934
997935
997937
997945
997946
997947
997949
997951
997953
997957
997958
997960
997962
997965
997968
997969
997984
997991
997997
998003
998016
998025
998031
998032
998043
998044
998053
998061
998069
998217
998218
998225
998255
998257
998258
998266
998277
998287
998292
998299
998304
998306
998314
998469
998471
998491
998492
998494
998495
998500
998501
998503
998506
998507
998524
998526
998527
998529
998532
998539
998540
998541
998542
998545
998546
998576
998578
998579
998580
998585
998586
998590
998596
998597
998598
998599
998600
998632
998633
998641
998642
998673
998675
998692
998704
998705
998708
998709
998778
998779
998780
998783
998800
998801
998802
998806
998807
998808
998811
998812
998813
998814
998815
998816
998817
998818
998819
998820
998821
998844
998851
998853
998858
998865
998866
998880
998881
998882
998885
998887
998897
998995
999000
999001
999005
999008
999010
999041
999042
999053
999058
999081
999371
999860
999862
999865
999866
999877
999887
999897
999909
999910
999911
1000450
1000464
1000465
1000466
1000467
1000468
1000472
1000473
1000477
1000484
1000486
1000489
1000491
1000493
1000496
1000497
1000501
1000503
1000504
1000505
1000519
1000520
1000521
1000522
1000523
1000524
1000526
1000527
1000532
1000533
1000541
1000542
1000545
1000549
1000552
1000554
1000555
1000556
1000557
1000559
1000560
1000566
1000575
1000578
1000579
1000587
1000590
1000591
1000619
1000631
1000635
1000636
1000637
1000641
1000653
1000654
1000661
1000663
1000664
1000667
1000668
1000669
1000670
1000676
1000681
1000688
1000691
1000727
1000728
1000732
1000734
1000736
1000737
1000738
1000741
1000744
1000751
1000753
1000788
1000798
1000812
1001068
1001192
1001194
1001397
1001541
1001603
1001787
1001805
1001820
1001856
1001859
1001860
1001862
1001865
1001866
1001868
1001869
1001870
1001871
1001874
1001892
1001893
1001894
1001895
1001896
1001897
1001898
1001899
1001900
1001901
1001902
1001903
1001904
1001905
1001906
1001907
1001911
1001918
1001919
1001922
1001931
1001932
1001938
1001943
1001944
1001979
1002000
1002003
1002060
1002061
1002062
1002064
1002065
1002066
1002071
1002075
1002079
1002085
1002091
1002099
1002103
1002104
1002105
1002106
1002107
1002108
1002170
1002171
1002172
1002176
1002180
1002184
1002195
1002196
1002197
1002198
1002200
1002201
1002204
1002205
1002206
1002207
1002208
1002210
1002211
1002244
1002245
1002246
1002247
1002248
1002280
1002281
1002283
1002286
1002287
1002299
1002301
1002346
1002347
1002350
1002351
1002356
1002357
1002361
1002363
1003392
1003543
1003550
1003552
1003591
1003724
1003751
1003754
1003831
1003832
1003834
1003835
1003836
1003840
1003867
1004069
1004088
1004099
1004102
1004113
1004131
1004145
1004151
1004159
1004165
1004170
1004174
1004177
1004179
1004182
1004183
1004189
1004203
1004204
1004205
1004206
1004209
1004212
1004222
1004226
1004229
1004235
1004254
1004263
1004275
1004277
1004685
1004687
1004690
1004694
1004758
1004761
1005416
1005539
1005540
1005542
1005547
1005548
1005557
1005559
1005891
1005898
1005910
1006264
1006267
1006268
1006269
1006271
1006274
1006388
1006390
1006393
1006396
1006403
1006406
1006409
1006410
1006411
1006412
1006413
1006439
1006674
1006679
1006689
1006796
1007492
1007632
1007975
1007986
1008013
1008028
1008029
1008032
1008112
1008117
1008128
1008136
1008148
1008152
1008153
1008155
1008157
1008995
1009050
1009051
1009223
1009533
1009534
1010230
1010233
1010245
1010273
1010276
1010295
1010311
1010811
1010814
1010847
1010853
1011142
1011147
1011154
1011354
1011638
1011639
1011647
1011651
1011699
1011727
1012015
1012354
1012357
1012360
1012364
1012375
1012391
1012488
1012491
1012545
1012649
1012652
1012657
1012659
1012660
1012662
1012663
1012665
1012736
1012739
1012740
1012741
1012785
1012788
1012802
1012805
1012810
1012812
1012814
1012815
1012816
1012819
1012905
1012907
1012914
1012916
1012924
1012926
1012929
1012947
1012949
1012952
1012953
1012954
1012956
1012958
1012962
1013029
1013032
1013033
1013061
1013062
1013071
1013076
1013082
1013084
1013088
1013089
1013090
1013091
1013092
1013093
1013097
1013101
1013103
1013153
1013154
1013159
1013166
1013171
1013178
1013179
1013180
1013181
1013244
1013280
1013287
1013533
1013537
1013540
1013894
1013995
1014003
1014014
1014024
1014034
1014044
1014045
1014148
1014265
1014349
1014358
1014376
1014405
1014477
