102341
102342
102343
102344
102345
102346
102347
102348
102349
102352
102353
102354
102357
102358
102359
102361
102362
102363
102364
102367
102368
102369
102370
102371
102372
102373
102375
102378
102379
102380
102381
102382
102383
102384
102385
102386
102387
102389
102390
102391
102392
102397
102398
102400
102401
102406
102407
102408
102410
102411
102412
102413
102414
102415
102416
102418
102419
102420
102422
102423
102424
102425
102428
102429
102430
102431
102432
102433
102434
102435
102436
102437
102438
102439
102440
102441
102442
102443
102444
102445
102446
102447
102448
102450
102451
102452
102453
102454
102455
102456
102458
102459
102461
102462
102465
102466
102467
102468
102469
102470
102472
102473
102474
102475
102476
102477
102478
102479
102481
102482
102484
102485
102486
102487
102488
102489
102490
102491
102492
102493
102494
102495
102496
102497
102499
102504
102506
102507
102508
102509
102510
102512
102513
102514
102515
102516
102517
102518
102519
102520
102521
102522
102523
102524
102525
102526
102527
102528
102529
102530
102531
102532
102533
102534
102536
102537
102538
102539
102540
102541
102542
102543
102544
102545
102546
102547
102548
102553
102554
102555
102556
102558
102559
102560
102562
102563
102564
102565
102566
102567
102568
102569
102570
102571
102573
102575
102576
102577
102580
102581
102582
102585
102586
102587
102589
102590
102591
102592
102593
102594
102595
102597
102598
102599
102600
102601
102602
102603
102604
102605
102606
102607
102608
102609
102610
102611
102612
102613
102614
102615
102616
102617
102618
102619
102620
102621
102622
102624
102625
102626
102627
102628
102629
102630
102631
102632
102633
102634
102635
102636
102637
102638
102639
102640
102641
102642
102643
102644
102645
102646
102647
102650
102652
102653
102654
102655
102656
102657
102658
102659
102660
102661
102662
102663
102664
102665
102666
102667
102668
102669
102671
102673
102674
102675
102676
102677
102678
102680
102681
102682
102683
102684
102685
102686
102687
102688
102689
102692
102693
102694
102697
102698
102699
102700
102701
102702
102703
102704
102705
102706
102707
102710
102711
102712
102713
102714
102715
102716
102718
102719
102720
102721
102723
102724
102725
102726
102727
102729
102731
102734
102735
102736
102737
102738
102742
102744
102745
102748
102749
102750
102754
102755
102756
102757
102761
102764
102765
102768
102769
102771
102772
102773
102774
102775
102779
102780
102781
102782
102783
102784
102787
102788
102791
102792
102793
102794
102796
102797
102798
102800
102801
102802
102803
102804
102805
102806
102807
102808
102817
102818
102820
102821
102823
102824
102825
102826
102827
102828
102829
102830
102831
102832
102833
102834
102835
102836
102837
102838
102839
102840
102841
102842
102843
102844
102845
102846
102847
102848
102849
102850
102851
102852
102853
102855
102856
102857
102859
102860
102861
102862
102863
102864
102865
102866
102867
102869
102870
102871
102872
102874
102875
102876
102878
102880
102881
102882
102883
102884
102885
102891
102893
102895
102896
102897
102898
102899
102900
102901
102902
102903
102904
102905
102907
102908
102909
102910
102911
102912
102913
102914
102918
102919
102920
102921
102922
102924
102925
102926
102927
102929
102930
102931
102932
102933
102936
102937
102938
102939
102940
102944
102945
102946
102948
102949
102950
102951
102952
102953
102955
102958
102959
102960
102961
102962
102963
102964
102967
102968
102969
102971
102972
102974
102975
102976
102978
102979
102980
102981
102982
102988
102990
102992
102993
102994
102995
102996
103001
103002
103003
103004
103007
103008
103009
103010
103011
103012
103014
103015
103016
103017
103018
103020
103021
103022
103023
103024
103025
103026
103027
103028
103029
103030
103035
103037
103039
103040
103041
103042
103043
103044
103045
103047
103048
103049
103051
103052
103053
103054
103055
103056
103057
103058
103059
103060
103061
103062
103063
103064
103065
103066
103068
103069
103070
103071
103072
103076
103077
103080
103082
103083
103085
103087
103088
103089
103091
103093
103094
103096
103098
103102
103104
103105
103107
103110
103111
103118
103119
103120
103122
103123
103124
103127
103129
103132
103134
103135
103140
103141
103146
103151
103153
103154
103155
103157
103158
103159
103160
103162
103164
103165
103166
103168
103171
103172
103173
103174
103175
103178
103180
103182
103183
103185
103186
103188
103189
103190
103191
103192
103194
103195
103196
103197
103198
103199
103200
103201
103202
103203
103204
103205
103206
103207
103208
103209
103210
103211
103212
103213
103214
103215
103216
103217
103219
103220
103221
103222
103224
103225
103226
103227
103228
103229
103230
103231
103232
103233
103234
103235
103236
103237
103238
103239
103240
103243
103245
103246
103247
103248
103249
103250
103251
103253
103255
103256
103257
103258
103260
103261
103264
103269
103270
103271
103272
103273
103274
103277
103278
103279
103280
103281
103282
103284
103285
103287
103288
103289
103291
103293
103294
103295
103296
103297
103299
103300
103301
103302
103303
103304
103305
103306
103307
103308
103309
103310
103311
103312
103313
103314
103316
103317
103318
103319
103322
103323
103324
103325
103326
103327
103328
103329
103331
103332
103334
103335
103337
103338
103339
103340
103341
103342
103343
103348
103349
103350
103351
103353
103354
103355
103356
103357
103358
103359
103364
103365
103366
103367
103370
103371
103372
103373
103375
103376
103378
103379
103380
103381
103382
103383
103384
103385
103386
103387
103388
103391
103393
103394
103395
103396
103397
103404
103408
103409
103411
103412
103414
103415
103417
103419
103420
103421
103422
103423
103424
103427
103429
103430
103434
103435
103436
103437
103438
103439
103441
103442
103445
103446
103447
103448
103449
103450
103451
103452
103453
103454
103455
103456
103457
103463
103464
103465
103466
103467
103469
103470
103475
103478
103482
103483
103484
103485
103486
103487
103488
103489
103490
103491
103493
103494
103495
103496
103499
103500
103501
103502
103504
103505
103508
103509
103511
103513
103516
103517
103520
103521
103523
103524
103525
103526
103527
103528
103529
103530
103531
103532
103533
103535
103536
103537
103538
103539
103540
103541
103545
103548
103549
103551
103552
103555
103558
103559
103562
103563
103564
103565
103566
103568
103569
103570
103571
103572
103573
103576
103577
103578
103579
103582
103583
103584
103585
103587
103589
103590
103591
103593
103594
103595
103598
103599
103600
103601
103602
103603
103605
103611
103613
103614
103615
103616
103617
103618
103619
103620
103621
103622
103623
103624
103625
103627
103628
103629
103631
103632
103633
103634
103635
103636
103637
103638
103639
103640
103641
103643
103644
103645
103647
103648
103649
103650
103651
103652
103653
103654
103655
103656
103657
103658
103659
103660
103661
103662
103663
103664
103665
103666
103667
103668
103669
103670
103672
103673
103674
103675
103676
103677
103678
103679
103680
103681
103682
103683
103684
103687
103689
103690
103691
103692
103693
103694
103695
103696
