93587
93588
93589
93590
93591
93592
93593
93594
93595
93596
93597
93598
93599
93600
93602
93603
93604
93605
93606
93607
93609
93610
93611
93612
93613
93614
93617
93619
93621
93622
93623
93624
93625
93626
93627
93628
93630
93631
93633
93634
93637
93638
93639
93642
93643
93644
93645
93646
93647
93648
93649
93652
93653
93654
93655
93656
93657
93658
93661
93662
93664
93665
93666
93668
93669
93670
93672
93674
93675
93676
93677
93678
93679
93681
93682
93683
93684
93685
93686
93687
93688
93689
93690
93691
93693
93694
93695
93696
93698
93699
93701
93702
93703
93704
93705
93706
93707
93708
93709
93710
93711
93712
93713
93714
93715
93716
93717
93718
93719
93720
93721
93722
93723
93724
93725
93726
93727
93729
93731
93732
93733
93735
93736
93738
93741
93742
93743
93744
93747
93751
93752
93754
93755
93758
93764
93767
93769
93771
93773
93774
93776
93777
93778
93780
93782
93785
93786
93787
93788
93789
93790
93791
93793
93795
93800
93801
93802
93805
93806
93807
93808
93809
93810
93812
93813
93815
93823
93824
93826
93831
93836
93837
93838
93839
93841
93844
93846
93847
93849
93850
93852
93853
93854
93855
93858
93859
93860
93861
93862
93864
93865
93867
93868
93869
93870
93871
93874
93876
93877
93878
93879
93880
93883
93884
93886
93887
93888
93895
93897
93898
93899
93900
93901
93903
93904
93905
93907
93908
93909
93910
93911
93912
93915
93916
93917
93918
93921
93922
93923
93926
93927
93931
93934
93935
93937
93941
93942
93943
93944
93945
93946
93947
93950
93952
93953
93954
93957
93958
93959
93961
93962
93964
93965
93966
93967
93968
93970
93972
93973
93974
93975
93976
93978
93979
93980
93983
93984
93987
93988
93990
93991
93992
93994
93995
93997
93999
94002
94003
94005
94007
94008
94009
94010
94011
94012
94013
94014
94015
94016
94017
94018
94023
94024
94025
94026
94027
94032
94034
94035
94036
94038
94041
94043
94044
94046
94047
94048
94049
94050
94053
94054
94055
94057
94059
94060
94061
94062
94063
94066
94068
94069
94071
94072
94074
94076
94077
94079
94080
94081
94083
94084
94090
94092
94094
94095
94097
94098
94101
94103
94105
94106
94113
94114
94115
94116
94118
94119
94120
94121
94123
94124
94125
94126
94127
94128
94129
94130
94131
94132
94133
94134
94136
94137
94139
94140
94142
94143
94144
94150
94153
94156
94158
94159
94160
94162
94163
94164
94165
94166
94168
94169
94170
94171
94172
94173
94176
94177
94178
94180
94182
94185
94187
94190
94191
94192
94193
94194
94196
94199
94204
94205
94207
94208
94209
94210
94212
94214
94215
94216
94218
94220
94221
94222
94226
94234
94236
94237
94239
94241
94242
94246
94248
94251
94252
94253
94254
94255
94257
94258
94259
94260
94263
94264
94265
94266
94267
94268
94269
94270
94271
94272
94273
94274
94275
94276
94277
94278
94279
94280
94281
94282
94283
94284
94285
94286
94287
94289
94290
94291
94292
94293
94294
94296
94298
94299
94303
94304
94305
94306
94307
94308
94310
94311
94312
94315
94317
94318
94319
94320
94321
94322
94323
94324
94325
94326
94328
94329
94331
94333
94334
94335
94336
94337
94338
94339
94340
94341
94343
94344
94345
94346
94347
94348
94349
94350
94351
94352
94353
94354
94355
94356
94357
94358
94359
94360
94361
94362
94363
94364
94365
94366
94367
94368
94369
94370
94371
94372
94373
94374
94375
94376
94377
94378
94379
94381
94382
94383
94384
94385
94386
94387
94388
94389
94390
94391
94392
94393
94394
94395
94396
94398
94399
94401
94402
94403
94404
94406
94409
94410
94411
94413
94414
94415
94416
94417
94418
94420
94421
94423
94424
94425
94430
94432
94433
94435
94436
94440
94442
94443
94446
94447
94452
94453
94454
94456
94457
94459
94461
94463
94464
94465
94467
94469
94471
94473
94475
94476
94477
94478
94480
94484
94488
94489
94490
94492
94495
94496
94497
94498
94499
94502
94503
94505
94506
94511
94515
94516
94522
94523
94524
94526
94529
94530
94531
94532
94533
94538
94540
94542
94545
94548
94549
94550
94554
94555
94556
94559
94560
94561
94562
94563
94564
94566
94567
94569
94570
94571
94572
94574
94575
94576
94578
94579
94581
94582
94583
94589
94590
94595
94596
94597
94598
94599
94600
94601
94602
94604
94605
94606
94607
94608
94610
94611
94612
94613
94614
94617
94618
94619
94620
94622
94623
94624
94626
94627
94629
94630
94631
94632
94633
94634
94636
94637
94638
94641
94643
94644
94645
94648
94649
94650
94653
94655
94657
94658
94660
94661
94662
94663
94665
94666
94667
94668
94673
94677
94681
94682
94683
94685
94686
94687
94688
94689
94690
94693
94694
94695
94696
94697
94698
94700
94701
94702
94703
94704
94705
94706
94707
94709
94710
94711
94712
94713
94717
94718
94719
94720
94721
94722
94723
94725
94726
94727
94729
94730
94731
94732
94733
94734
94735
94736
94737
94738
94740
94742
94744
94745
94746
94747
94748
94749
94750
94751
94752
94755
94756
94757
94758
94759
94760
94761
94762
94763
94765
94766
94767
94768
94769
94770
94773
94775
94776
94779
94781
94783
94784
94785
94786
94787
94788
94789
94790
94791
94792
94793
94794
94796
94797
94798
94799
94800
94801
94803
94805
94806
94807
94808
94809
94810
94814
94816
94818
94821
94823
94824
94825
94826
94827
94828
94829
94831
94833
94834
94837
94838
94839
94840
94842
94843
94845
94847
94849
94850
94856
94859
94861
94862
94864
94865
94866
94868
94869
94871
94872
94873
94874
94875
94878
94879
94881
94883
94884
94885
94887
94888
94889
94891
94892
94894
94895
94896
94898
94900
94901
94907
94908
94909
94913
94914
94916
94918
94919
94920
94921
94922
94923
94925
94926
94928
94929
94930
94932
94933
94934
94935
94937
94938
94940
94942
94943
94944
94947
94948
94950
94952
94956
94957
94959
94962
94963
94964
94965
94966
94967
94968
94969
94970
94971
94972
94973
94974
94975
94976
94977
94978
94980
94981
94982
94983
94984
94985
94986
94987
94988
94992
94995
94996
94997
94998
94999
95000
95001
95002
95003
95004
95005
95006
95008
95009
95010
95011
95012
95013
95014
95015
95016
95017
95018
95019
95021
95023
95024
95025
95027
95029
95030
95031
95032
95033
95034
95035
95036
95038
95040
95043
95045
95048
95049
95052
95056
95057
95058
95059
95060
95061
95062
95063
95064
95065
95066
95067
95068
95070
95071
95072
95073
95074
95075
95076
95077
