90981
90982
90984
90985
90987
90988
90989
90991
90993
90994
90996
90997
90998
90999
91001
91002
91003
91004
91005
91006
91007
91008
91011
91012
91013
91014
91015
91016
91017
91018
91021
91024
91026
91027
91028
91030
91032
91033
91035
91036
91037
91038
91039
91040
91041
91042
91043
91044
91045
91046
91047
91048
91049
91050
91051
91052
91053
91054
91057
91058
91059
91060
91061
91062
91063
91064
91065
91066
91069
91070
91071
91072
91073
91074
91078
91079
91080
91081
91083
91085
91088
91089
91090
91091
91092
91093
91094
91095
91096
91097
91098
91099
91100
91101
91105
91106
91107
91108
91109
91110
91111
91112
91113
91115
91116
91123
91125
91128
91132
91133
91134
91135
91136
91138
91141
91142
91143
91144
91145
91146
91147
91148
91149
91152
91153
91154
91155
91156
91157
91159
91160
91161
91162
91163
91164
91165
91166
91167
91168
91169
91170
91172
91173
91174
91175
91176
91177
91180
91181
91184
91186
91187
91188
91189
91190
91191
91193
91195
91196
91197
91198
91199
91200
91201
91202
91203
91204
91205
91206
91208
91209
91210
91211
91213
91214
91215
91216
91217
91218
91219
91220
91221
91222
91223
91224
91225
91226
91227
91228
91229
91230
91231
91232
91233
91234
91235
91236
91237
91238
91239
91240
91241
91242
91243
91244
91245
91246
91247
91248
91251
91252
91253
91254
91255
91256
91257
91258
91259
91260
91261
91262
91263
91264
91265
91266
91267
91268
91269
91270
91271
91272
91273
91274
91275
91277
91278
91279
91280
91281
91282
91283
91284
91285
91286
91288
91289
91290
91291
91292
91293
91294
91295
91296
91297
91298
91299
91300
91302
91303
91304
91305
91306
91307
91308
91310
91311
91312
91313
91314
91315
91316
91317
91318
91319
91320
91322
91323
91324
91325
91326
91328
91330
91331
91333
91334
91335
91336
91337
91338
91339
91340
91341
91342
91343
91344
91345
91346
91347
91348
91349
91350
91351
91352
91354
91355
91356
91357
91358
91359
91360
91361
91362
91364
91365
91366
91367
91368
91369
91370
91371
91372
91373
91374
91376
91377
91378
91379
91380
91381
91382
91383
91384
91385
91386
91387
91388
91389
91390
91391
91392
91393
91394
91395
91397
91398
91399
91400
91401
91402
91404
91406
91407
91408
91409
91410
91411
91412
91413
91414
91415
91418
91419
91420
91421
91422
91423
91424
91425
91426
91427
91428
91429
91430
91432
91434
91435
91436
91437
91438
91440
91441
91442
91443
91444
91446
91447
91449
91450
91451
91452
91453
91455
91456
91457
91458
91459
91460
91461
91462
91463
91465
91466
91467
91468
91469
91470
91471
91472
91473
91474
91475
91476
91477
91478
91479
91480
91481
91482
91483
91484
91485
91486
91488
91491
91492
91493
91494
91495
91496
91498
91499
91501
91503
91505
91506
91507
91509
91510
91511
91512
91514
91515
91516
91517
91518
91519
91520
91521
91522
91523
91525
91526
91527
91528
91529
91530
91531
91532
91533
91535
91536
91537
91538
91539
91540
91541
91542
91543
91546
91547
91548
91549
91550
91551
91552
91555
91556
91557
91559
91563
91565
91568
91569
91570
91573
91575
91576
91577
91578
91579
91581
91582
91583
91584
91585
91586
91587
91588
91589
91590
91591
91592
91593
91594
91595
91596
91597
91599
91600
91601
91602
91603
91605
91607
91608
91609
91610
91611
91612
91614
91617
91618
91619
91620
91622
91623
91624
91626
91629
91630
91631
91632
91633
91634
91635
91638
91640
91641
91642
91643
91644
91645
91646
91647
91648
91649
91650
91653
91655
91657
91658
91659
91660
91661
91662
91663
91664
91665
91666
91667
91668
91669
91671
91672
91673
91674
91675
91676
91677
91678
91679
91680
91681
91682
91683
91684
91685
91686
91687
91688
91689
91690
91691
91692
91693
91694
91695
91697
91698
91699
91700
91701
91702
91703
91704
91705
91706
91707
91708
91709
91710
91712
91713
91714
91715
91716
91717
91718
91720
91721
91722
91723
91724
91726
91728
91729
91730
91732
91733
91734
91738
91739
91740
91741
91742
91743
91744
91745
91746
91747
91749
91751
91753
91754
91755
91756
91757
91758
91759
91760
91761
91762
91763
91764
91765
91766
91768
91770
91771
91773
91774
91775
91776
91777
91778
91779
91780
91781
91783
91784
91785
91786
91787
91788
91789
91790
91791
91792
91793
91794
91795
91796
91797
91798
91799
91800
91801
91802
91803
91804
91805
91806
91807
91809
91810
91811
91813
91814
91815
91816
91817
91819
91820
91821
91822
91823
91824
91825
91826
91827
91828
91829
91830
91831
91832
91833
91834
91835
91836
91837
91838
91839
91840
91842
91843
91845
91846
91847
91848
91850
91851
91853
91854
91855
91857
91858
91859
91860
91861
91862
91863
91864
91865
91866
91867
91868
91869
91870
91871
91872
91873
91874
91875
91876
91877
91878
91879
91880
91881
91882
91883
91884
91885
91886
91887
91888
91889
91891
91893
91895
91896
91897
91899
91900
91901
91902
91903
91904
91905
91906
91907
91908
91909
91910
91911
91912
91913
91914
91915
91916
91917
91918
91919
91920
91922
91924
91926
91927
91928
91929
91930
91931
91933
91934
91935
91936
91937
91938
91939
91940
91941
91943
91944
91946
91947
91949
91950
91951
91952
91955
91956
91957
91959
91960
91961
91962
91963
91964
91965
91966
91968
91969
91970
91971
91972
91974
91975
91976
91978
91979
91980
91983
91984
91985
91986
91988
91989
91990
91992
91996
91997
91998
92000
92001
92005
92007
92009
92010
92011
92013
92014
92015
92016
92017
92018
92020
92021
92023
92024
92025
92026
92027
92028
92029
92030
92031
92032
92034
92035
92036
92037
92039
92040
92041
92049
92050
92051
92052
92053
92054
92056
92060
92061
92062
92063
92064
92065
92067
92070
92071
92072
92075
92076
92079
92080
92083
92084
92085
92087
92088
92089
92093
92094
92095
92096
92097
92099
92102
92104
92105
92106
92107
92108
92110
92112
92113
92115
92116
92117
92118
92119
92120
92121
92122
92123
92124
92125
92126
92127
92128
92129
92130
92131
92132
92134
92136
92137
92138
92139
92142
92143
92146
92147
92148
92149
92151
92152
92153
92154
92155
92156
92159
92160
92161
92162
92164
92165
92167
92168
92169
92170
92171
92172
92173
92176
92177
92181
92182
92183
92184
92185
92187
92189
92190
92191
92192
92193
92195
92197
92198
92199
92200
92201
92205
92208
92209
92210
92213
92215
92216
92219
92222
92224
92225
92226
92227
92228
92233
92234
92237
