98212
98213
98214
98215
98217
98218
98219
98220
98221
98222
98223
98224
98225
98226
98227
98228
98229
98230
98231
98232
98233
98234
98235
98236
98237
98238
98239
98240
98241
98242
98243
98245
98248
98249
98250
98252
98256
98257
98258
98260
98261
98262
98263
98266
98268
98269
98270
98273
98278
98279
98280
98281
98284
98287
98288
98289
98291
98294
98298
98299
98300
98301
98302
98303
98304
98305
98306
98308
98309
98310
98311
98312
98315
98316
98317
98318
98319
98323
98325
98326
98328
98329
98330
98331
98332
98333
98334
98335
98336
98337
98340
98341
98342
98343
98345
98346
98347
98348
98350
98351
98352
98353
98354
98355
98356
98357
98358
98359
98360
98361
98362
98363
98364
98366
98367
98368
98370
98371
98372
98374
98375
98378
98379
98380
98381
98382
98383
98384
98389
98390
98391
98392
98393
98394
98396
98398
98399
98400
98403
98404
98405
98406
98407
98408
98409
98411
98413
98415
98416
98417
98418
98419
98420
98421
98424
98425
98427
98429
98430
98432
98433
98434
98435
98438
98439
98440
98441
98442
98443
98446
98447
98448
98450
98451
98454
98455
98456
98458
98460
98462
98463
98464
98466
98470
98471
98472
98473
98474
98477
98478
98479
98481
98482
98486
98487
98488
98489
98491
98492
98495
98496
98497
98500
98503
98504
98505
98506
98509
98510
98511
98512
98513
98515
98516
98518
98519
98520
98521
98522
98526
98528
98530
98531
98532
98535
98537
98538
98539
98540
98541
98543
98544
98545
98546
98548
98549
98550
98552
98553
98554
98555
98558
98559
98561
98562
98564
98566
98567
98571
98573
98575
98576
98578
98581
98583
98584
98585
98586
98587
98588
98589
98593
98594
98595
98596
98597
98598
98599
98600
98607
98608
98609
98610
98612
98615
98616
98617
98619
98624
98625
98626
98628
98629
98631
98633
98636
98637
98639
98640
98642
98643
98644
98647
98650
98651
98656
98657
98661
98663
98664
98667
98668
98669
98671
98673
98674
98675
98678
98680
98681
98682
98684
98687
98690
98691
98693
98695
98696
98697
98698
98702
98704
98705
98706
98707
98708
98709
98710
98711
98712
98713
98717
98718
98720
98721
98722
98723
98726
98727
98729
98730
98731
98732
98733
98734
98736
98737
98738
98739
98740
98741
98742
98743
98744
98745
98747
98748
98749
98750
98752
98753
98754
98755
98756
98757
98758
98759
98760
98761
98762
98763
98764
98766
98767
98768
98769
98771
98772
98773
98774
98776
98782
98783
98786
98788
98789
98790
98791
98792
98793
98794
98796
98797
98799
98800
98802
98804
98805
98807
98808
98809
98810
98811
98812
98813
98814
98815
98816
98819
98822
98823
98824
98825
98826
98828
98832
98833
98834
98835
98839
98840
98842
98845
98846
98847
98849
98851
98852
98853
98854
98856
98857
98859
98867
98870
98872
98873
98875
98876
98877
98878
98881
98884
98886
98887
98888
98892
98896
98901
98902
98903
98905
98907
98914
98916
98921
98926
98927
98930
98934
98935
98936
98938
98939
98940
98942
98946
98947
98949
98950
98952
98954
98955
98956
98958
98959
98960
98961
98962
98963
98967
98968
98969
98970
98971
98972
98973
98974
98976
98977
98978
98979
98980
98982
98983
98986
98988
98990
98992
98994
98996
98998
99000
99004
99009
99012
99014
99015
99018
99019
99021
99023
99024
99027
99031
99032
99033
99034
99037
99038
99039
99041
99043
99046
99047
99049
99053
99055
99066
99067
99068
99069
99071
99072
99074
99075
99076
99080
99083
99085
99087
99088
99089
99090
99092
99093
99094
99096
99099
99101
99102
99104
99105
99106
99107
99108
99110
99111
99112
99114
99115
99116
99118
99119
99124
99125
99126
99127
99128
99129
99130
99131
99132
99135
99136
99138
99139
99141
99142
99143
99144
99148
99149
99150
99151
99153
99155
99158
99160
99161
99163
99165
99166
99167
99175
99176
99185
99190
99192
99193
99194
99195
99196
99197
99198
99200
99201
99202
99203
99204
99205
99206
99207
99210
99213
99215
99217
99218
99222
99224
99225
99226
99227
99228
99231
99233
99235
99236
99239
99243
99247
99249
99251
99252
99254
99255
99256
99259
99260
99261
99263
99264
99266
99267
99268
99270
99272
99273
99274
99276
99277
99278
99280
99281
99284
99285
99286
99289
99290
99291
99292
99293
99294
99297
99298
99299
99301
99302
99303
99304
99305
99306
99308
99309
99311
99312
99318
99320
99322
99327
99328
99333
99335
99338
99339
99341
99345
99346
99348
99351
99353
99355
99357
99359
99362
99363
99365
99366
99367
99368
99370
99372
99374
99375
99377
99378
99380
99381
99382
99386
99388
99389
99390
99392
99394
99395
99396
99398
99399
99400
99401
99402
99403
99406
99407
99408
99410
99412
99413
99414
99417
99419
99421
99422
99424
99425
99431
99435
99436
99438
99439
99440
99441
99443
99444
99446
99447
99449
99450
99453
99455
99456
99457
99459
99461
99462
99464
99465
99467
99472
99473
99474
99476
99477
99484
99486
99487
99489
99490
99493
99494
99497
99499
99500
99501
99502
99503
99504
99508
99510
99511
99513
99514
99516
99518
99519
99520
99521
99522
99523
99524
99527
99528
99529
99530
99531
99532
99533
99536
99538
99540
99541
99546
99548
99550
99552
99553
99554
99555
99556
99560
99561
99564
99566
99567
99568
99570
99573
99575
99579
99580
99584
99585
99587
99588
99590
99591
99592
99593
99594
99598
99600
99601
99602
99603
99604
99605
99606
99608
99609
99610
99611
99612
99613
99615
99618
99619
99620
99625
99626
99627
99628
99631
99633
99634
99635
99636
99637
99638
99639
99640
99643
99644
99645
99647
99649
99650
99654
99655
99657
99658
99659
99660
99662
99665
99666
99667
99668
99669
99670
99672
99673
99674
99675
99676
99677
99679
99680
99681
99684
99685
99687
99688
99689
99692
99693
99694
99696
99702
99703
99704
99705
99707
99710
99712
99714
99718
99719
99720
99721
99723
99724
99726
99727
99728
99729
99732
99736
99737
99739
99741
99744
99745
99746
99749
99750
99751
99752
99753
99755
99756
99758
99759
99760
99762
99763
99764
99765
99767
99768
99769
99771
99772
99773
99775
99777
99779
99781
99783
99784
99785
99787
99790
99797
99798
99799
99800
99802
99803
99804
99806
99808
99809
99810
99812
99813
99817
99818
99819
99822
99823
99824
99827
99828
99830
99831
99834
99840
99841
99842
99844
99845
99847
99848
99851
99852
99857
99858
99861
99862
99864
99867
99868
99869
99870
99871
99872
99874
99876
99878
