920618
920619
920622
920625
920630
920673
920678
920679
920681
920682
920684
920796
920798
920824
920825
920833
920837
920896
920973
920984
920997
920999
921001
921003
921005
921008
921011
921013
921015
921016
921018
921027
921033
921037
921040
921042
921044
921047
921048
921049
921054
921055
921056
921057
921059
921060
921061
921063
921064
921066
921071
921072
921099
921104
921107
921116
921123
921131
921133
921134
921135
921136
921137
921138
921139
921141
921144
921145
921150
921152
921153
921154
921155
921156
921157
921158
921159
921160
921161
921162
921167
921168
921169
921175
921176
921177
921179
921180
921182
921186
921190
921191
921192
921193
921194
921195
921196
921197
921198
921199
921200
921202
921204
921205
921207
921208
921209
921210
921212
921214
921216
921236
921259
921264
921266
921269
921272
921440
921451
921452
921529
921530
921618
921647
921990
922214
922230
922233
922239
922249
922255
922260
922271
922272
922275
922280
922281
922285
922289
922294
922300
922302
922304
922306
922309
922313
922347
922363
922365
922367
922368
922381
922382
922443
922477
922508
922641
922667
922712
922733
922736
922741
922742
922743
922744
922745
922749
922751
922756
922762
922765
922766
922767
922768
922769
922770
922913
922940
922942
923017
923057
923125
923330
923368
923416
923425
923437
923440
923441
923442
923445
923447
923489
923493
923496
923498
923499
923500
923504
923505
923507
923509
923517
923520
923522
923523
923524
923525
923526
923528
923530
923531
923533
923534
923535
923536
923537
923538
923560
923572
923618
923649
923653
923661
923673
923674
923675
923680
923682
923686
923689
923693
923698
923702
923707
923709
923711
923722
923732
923736
923742
923744
923842
923844
923845
923847
923850
923852
923854
923856
923859
923862
923866
923867
923868
923869
923870
923871
923872
923873
923874
923875
923876
923877
924096
924146
924148
924151
924162
924170
924171
924176
924179
924182
924184
924186
924187
924193
924197
924201
924203
924211
924217
924223
924224
924225
924228
924231
924563
962423
962448
962455
962459
962472
962482
962483
962484
962487
962489
962490
962492
962498
962582
962607
962612
962614
962615
962616
962620
962622
962624
962707
962709
962731
962891
963098
963119
963124
963157
963162
963169
963170
963172
963191
963192
963193
963194
963245
963270
963271
963272
963273
963274
963275
963276
963278
963279
963281
963282
963283
963287
963290
964107
964129
964135
964137
964139
964140
964141
964142
964382
964386
964387
964388
964390
964394
964398
964399
964407
964409
964456
964511
964579
964811
965003
965004
965005
965006
965007
965008
965018
965019
965045
965046
965047
965048
965054
965057
965058
965060
965152
965160
965161
965172
965201
965202
965221
965253
965256
965262
965267
965269
965273
965274
965276
965386
965387
965608
965619
965622
965623
965624
965627
965630
965631
965636
965638
965640
965641
965643
965645
965646
965650
965655
965664
965671
965677
965679
965681
965725
965729
965731
965732
965733
965734
965735
965736
965737
965740
965741
965742
965743
965744
965745
965746
965747
965748
965749
965840
965843
965844
965847
966713
966716
966719
966720
966721
966725
966726
966728
966731
966733
966735
966737
966738
966742
966743
966744
966746
966748
966749
966752
966754
966755
966757
966760
966762
966804
966907
966908
966909
966910
966911
966912
966914
966915
966917
966922
966955
966975
966978
967011
967012
967020
967023
967069
967074
967079
967081
967091
967094
967095
967098
967101
967108
967110
967111
967114
967122
967124
967125
967126
967136
967267
967274
967275
967276
967277
967282
967284
967287
967288
967292
967294
967295
967297
967301
967306
967319
967320
967322
967323
967327
967328
967330
967331
967332
967336
967340
967342
967348
967349
967369
967370
967371
967372
967379
967381
967383
967384
967385
967388
967395
967397
967398
967505
967509
967510
967511
967523
967524
968007
968009
968010
968012
968021
968028
968030
968223
968262
968263
968267
968467
968478
968483
968484
968485
968487
968488
968491
968492
968498
968502
968503
968662
968664
968666
968668
968703
968792
968794
969143
969393
969401
969405
969408
969411
969413
969416
969423
969426
969429
969432
969434
969466
969820
970146
970149
970151
970152
970153
970155
970156
970212
970360
970406
970700
970752
971124
971168
971169
971170
971171
971172
971173
971175
971176
971177
971178
971179
971180
971181
971183
971189
971323
971324
971327
971333
971336
971345
971781
971783
971951
971952
972017
972109
972111
972116
972122
972124
972125
972126
972134
972135
972140
972144
972146
972152
972168
972169
972172
972174
972176
972177
972178
972179
972180
972181
972182
972183
972184
972185
972187
972188
972190
972193
972195
972196
972197
972198
972200
972203
972206
972208
972211
972213
972214
972215
972216
972217
972218
972219
972220
972221
972223
972224
972225
972226
972227
972228
972229
972230
972233
972301
972396
972431
972568
972599
972633
972940
972945
972956
973232
973233
973241
973242
973243
973244
973246
973247
973248
973250
973252
973259
973261
973262
973263
973267
973268
973391
973409
973441
973775
973777
973908
974002
974006
975056
975087
975896
975899
975900
975901
975903
975914
975921
975922
975926
975928
975929
975930
975931
975932
975937
975939
975940
975941
975943
976020
976021
976038
976048
976050
976054
976058
976059
976064
976090
976091
976097
976105
976244
976245
976250
976253
976254
976257
976399
976491
976500
976511
976520
976521
976523
976533
976536
976540
976639
976657
977091
977092
977094
977096
977098
977100
977104
977107
977139
977142
977145
977152
977163
977273
977275
977276
977277
977278
977281
977282
977284
977287
977288
977289
977290
977293
977316
977317
977333
977335
977338
977342
977368
977370
977374
977380
977383
977387
977388
977389
977390
977391
977396
977397
977401
977404
977406
977409
977415
977417
977419
977420
977437
977673
977691
978131
978292
978293
978514
978935
979029
979030
979033
979070
979072
979080
979097
979098
979109
979111
979113
979144
979155
979161
979164
979178
979192
979193
979194
979329
979342
979345
979377
979378
979379
979387
979907
980223
980229
980231
980250
980253
980269
980270
980272
980276
980283
980285
980286
980287
980291
980296
980298
980300
980304
980309
980313
980529
980881
980892
981137
981138
981140
981145
981146
981147
981148
981150
981153
981155
981156
981157
981420
981421
981422
981424
981425
981426
981428
981430
981431
981432
981434
981436
981439
981440
981441
981443
981444
981445
981470
981471
981558
981613
982657
982776
982778
982779
982780
982786
982814
982816
982818
982823
982826
982827
982832
982833
982834
982840
982848
982859
982860
982861
982862
982863
982865
982873
982876
982877
982897
982901
982909
982941
982951
982955
982960
982961
982975
982976
982980
982983
982986
983018
983022
983024
983031
983042
983047
983049
983051
983053
983058
983060
983071
983073
983097
983127
983130
983135
983142
983145
983151
983155
983161
983301
983304
983307
983311
983312
983313
983314
983316
983317
983318
983584
983592
983706
983708
983713
983717
