99879
99880
99885
99889
99894
99895
99896
99901
99902
99905
99906
99907
99908
99909
99911
99913
99914
99916
99919
99925
99926
99929
99930
99934
99936
99938
99939
99940
99943
99947
99948
99949
99951
99952
99953
99954
99955
99956
99958
99960
99961
99962
99965
99966
99967
99968
99969
99972
99973
99974
99975
99976
99978
99979
99980
99982
99983
99984
99986
99990
99993
99996
99997
99998
99999
100002
100004
100005
100006
100007
100009
100014
100017
100018
100019
100020
100021
100022
100024
100025
100027
100028
100030
100032
100034
100035
100037
100038
100039
100041
100045
100049
100050
100051
100052
100053
100054
100055
100056
100059
100063
100065
100066
100067
100068
100069
100070
100074
100076
100078
100079
100083
100085
100088
100091
100092
100097
100098
100100
100102
100104
100105
100107
100108
100109
100110
100111
100112
100114
100115
100118
100121
100122
100123
100124
100126
100127
100128
100132
100133
100134
100135
100136
100138
100139
100140
100141
100142
100145
100146
100147
100148
100149
100150
100151
100153
100154
100155
100156
100157
100159
100160
100162
100164
100165
100166
100168
100169
100170
100172
100173
100176
100177
100180
100181
100184
100186
100187
100190
100191
100193
100194
100195
100198
100200
100201
100202
100203
100205
100206
100208
100210
100215
100216
100217
100220
100221
100226
100229
100230
100231
100232
100233
100236
100237
100238
100239
100241
100243
100244
100250
100251
100252
100253
100255
100257
100258
100259
100261
100263
100265
100267
100268
100270
100271
100272
100273
100274
100276
100277
100278
100279
100281
100282
100286
100287
100288
100291
100292
100294
100295
100296
100297
100300
100303
100304
100305
100306
100307
100308
100309
100310
100311
100312
100313
100314
100315
100316
100317
100318
100328
100331
100334
100336
100337
100338
100340
100341
100343
100345
100346
100347
100348
100349
100352
100353
100354
100355
100356
100357
100358
100359
100361
100362
100364
100365
100366
100371
100377
100379
100380
100381
100382
100383
100384
100385
100388
100390
100391
100392
100393
100394
100395
100396
100397
100398
100399
100400
100402
100403
100404
100405
100407
100408
100409
100410
100411
100412
100413
100414
100415
100416
100421
100422
100423
100425
100426
100428
100429
100432
100433
100434
100435
100436
100437
100438
100441
100444
100445
100446
100448
100449
100454
100455
100456
100457
100458
100459
100467
100468
100469
100470
100472
100475
100476
100477
100478
100479
100482
100485
100487
100488
100490
100492
100494
100495
100496
100500
100502
100503
100504
100506
100508
100509
100515
100516
100517
100518
100519
100523
100526
100527
100528
100533
100534
100537
100539
100541
100543
100544
100547
100548
100549
100550
100552
100553
100554
100555
100558
100561
100562
100565
100566
100567
100569
100571
100576
100577
100578
100581
100582
100583
100587
100592
100595
100597
100598
100599
100600
100601
100603
100604
100605
100606
100610
100611
100617
100618
100620
100622
100624
100625
100627
100628
100630
100631
100632
100633
100635
100637
100642
100644
100645
100647
100649
100650
100651
100652
100653
100654
100655
100656
100657
100658
100659
100660
100661
100662
100663
100664
100665
100666
100668
100669
100670
100671
100672
100673
100674
100675
100677
100678
100679
100680
100682
100683
100684
100685
100686
100687
100688
100689
100690
100691
100692
100693
100694
100695
100696
100697
100698
100699
100700
100701
100702
100703
100704
100705
100706
100707
100708
100709
100710
100711
100712
100713
100714
100715
100716
100717
100718
100719
100720
100721
100722
100723
100724
100725
100726
100727
100728
100729
100730
100731
100732
100733
100734
100735
100736
100737
100738
100739
100740
100741
100742
100743
100744
100745
100746
100747
100748
100749
100750
100752
100753
100754
100755
100756
100757
100758
100759
100760
100761
100762
100763
100764
100765
100766
100767
100768
100769
100770
100771
100772
100773
100774
100775
100776
100777
100778
100779
100780
100781
100782
100783
100784
100785
100786
100787
100788
100789
100790
100791
100792
100793
100794
100795
100797
100798
100799
100800
100801
100802
100803
100804
100805
100806
100807
100808
100809
100810
100811
100812
100813
100814
100815
100816
100817
100818
100819
100820
100821
100822
100823
100824
100825
100826
100827
100828
100829
100830
100831
100832
100833
100834
100835
100836
100837
100838
100839
100840
100841
100842
100843
100844
100845
100846
100847
100848
100849
100850
100851
100852
100853
100854
100855
100856
100857
100858
100859
100860
100861
100862
100863
100864
100865
100866
100867
100868
100869
100870
100871
100872
100873
100874
100875
100876
100877
100878
100879
100880
100881
100882
100883
100884
100885
100886
100887
100888
100889
100890
100891
100892
100893
100894
100895
100896
100897
100898
100899
100900
100901
100902
100906
100907
100908
100909
100910
100914
100915
100916
100917
100918
100919
100920
100921
100922
100923
100924
100925
100926
100927
100928
100929
100930
100931
100932
100933
100934
100935
100936
100937
100938
100939
100940
100941
100942
100943
100944
100945
100946
100947
100948
100949
100950
100951
100952
100953
100954
100955
100958
100959
100960
100962
100964
100965
100966
100968
100969
100972
100973
100974
100975
100978
100979
100982
100984
100986
100987
100988
100989
100996
100997
100998
100999
101001
101002
101003
101004
101005
101006
101009
101016
101017
101018
101019
101020
101021
101025
101026
101028
101029
101030
101033
101034
101036
101037
101038
101039
101043
101044
101045
101046
101047
101048
101049
101050
101051
101052
101058
101059
101060
101061
101062
101063
101064
101068
101069
101070
101071
101072
101075
101076
101080
101081
101085
101086
101090
101091
101092
101095
101096
101097
101098
101099
101100
101101
101102
101104
101105
101106
101109
101110
101111
101112
101113
101114
101115
101116
101117
101118
101119
101121
101122
101123
101124
101125
101126
101127
101128
101129
101130
101131
101132
101133
101134
101136
101137
101138
101139
101141
101142
101143
101144
101145
101146
101147
101148
101149
101150
101151
101152
101153
101154
101155
101156
101157
101158
101159
101160
101161
101162
101163
101164
101165
101166
101167
101168
101169
101170
101171
101172
101173
101174
101175
101176
101177
101178
101179
101180
101181
101183
101185
101186
101187
101188
101189
101190
101191
101192
101193
101194
101195
101196
101197
101198
101199
101200
101201
101202
101203
101204
101205
101206
101207
101208
101209
101210
101211
101212
101213
101214
101215
101216
101217
101218
101219
101220
101221
101222
101223
101224
101225
101226
101227
101228
101229
101230
101231
101232
101233
101234
101235
101236
101237
101238
101239
101240
101241
101242
101243
101244
101245
101246
101247
101248
101249
101250
101251
101252
101253
101254
101255
101256
101257
101259
101260
101261
101262
101263
101264
101265
101266
101267
101268
101269
101270
101271
101272
101273
101274
101275
101276
101277
101278
101279
101280
101281
101282
101283
