105228
105229
105231
105233
105234
105243
105244
105245
105246
105247
105248
105249
105250
105251
105252
105253
105254
105255
105257
105260
105261
105263
105264
105265
105269
105270
105271
105272
105275
105276
105277
105278
105279
105280
105281
105282
105283
105284
105285
105286
105287
105289
105291
105292
105293
105294
105295
105296
105298
105301
105302
105303
105304
105305
105307
105308
105309
105310
105311
105312
105313
105315
105321
105326
105327
105328
105333
105334
105336
105341
105343
105345
105346
105349
105350
105351
105352
105353
105354
105355
105357
105358
105360
105362
105363
105366
105368
105369
105370
105371
105372
105373
105374
105375
105376
105378
105379
105380
105381
105382
105383
105384
105385
105386
105387
105388
105389
105390
105391
105393
105395
105397
105398
105399
105401
105402
105407
105408
105409
105412
105414
105415
105416
105417
105418
105419
105420
105421
105424
105425
105426
105427
105428
105429
105430
105433
105434
105435
105437
105440
105443
105444
105445
105446
105449
105451
105455
105456
105457
105458
105459
105460
105462
105463
105466
105468
105470
105473
105474
105486
105489
105490
105493
105495
105497
105499
105500
105501
105506
105507
105512
105513
105514
105515
105516
105517
105518
105519
105520
105522
105524
105526
105532
105533
105535
105536
105539
105540
105543
105545
105548
105549
105551
105554
105555
105560
105561
105562
105563
105566
105567
105568
105569
105572
105576
105578
105579
105582
105585
105587
105591
105592
105593
105594
105595
105598
105601
105604
105608
105612
105613
105614
105616
105618
105619
105620
105621
105623
105624
105627
105628
105635
105636
105637
105638
105640
105641
105642
105644
105648
105649
105650
105651
105652
105653
105654
105655
105657
105658
105659
105660
105661
105662
105663
105669
105672
105674
105676
105677
105678
105679
105680
105681
105682
105684
105685
105687
105688
105689
105690
105691
105707
105708
105709
105712
105713
105714
105715
105716
105717
105718
105719
105720
105721
105722
105723
105724
105726
105728
105729
105731
105733
105734
105735
105736
105737
105738
105739
105740
105741
105743
105744
105745
105750
105754
105755
105756
105757
105758
105759
105760
105762
105764
105767
105769
105770
105771
105772
105773
105775
105776
105779
105781
105783
105788
105791
105792
105794
105795
105796
105797
105799
105800
105801
105803
105804
105805
105807
105808
105809
105810
105811
105813
105814
105815
105816
105820
105822
105823
105825
105826
105827
105828
105841
105843
105844
105847
105852
105853
105854
105858
105859
105860
105863
105866
105868
105869
105871
105873
105874
105876
105878
105880
105886
105888
105890
105893
105895
105896
105898
105901
105903
105907
105921
105922
105925
105926
105927
105929
105930
105931
105932
105934
105935
105936
105939
105941
105942
105943
105947
105948
105949
105950
105952
105953
105954
105955
105956
105975
105978
105987
105988
105992
106003
106004
106006
106008
106010
106013
106014
106015
106023
106024
106026
106034
106035
106041
106043
106044
106046
106047
106054
106055
106056
106059
106062
106063
106065
106066
106067
106068
106070
106071
106073
106074
106076
106079
106081
106082
106084
106085
106086
106087
106088
106089
106090
106091
106092
106093
106094
106096
106097
106099
106101
106102
106103
106106
106107
106108
106111
106113
106115
106116
106117
106118
106119
106121
106125
106127
106128
106129
106131
106132
106135
106137
106138
106139
106141
106142
106144
106145
106146
106147
106148
106151
106155
106156
106157
106158
106159
106160
106161
106162
106163
106164
106165
106168
106173
106177
106179
106180
106181
106183
106184
106185
106186
106188
106190
106192
106193
106194
106195
106196
106197
106200
106201
106204
106205
106206
106207
106208
106209
106210
106213
106214
106215
106216
106217
106218
106224
106225
106226
106227
106228
106230
106231
106232
106233
106235
106236
106238
106241
106242
106243
106244
106245
106246
106248
106252
106253
106255
106256
106257
106258
106259
106260
106261
106262
106263
106265
106266
106269
106270
106271
106272
106273
106274
106275
106284
106286
106287
106290
106291
106292
106297
106299
106302
106303
106313
106316
106317
106319
106320
106322
106323
106324
106326
106327
106331
106333
106335
106338
106339
106342
106344
106346
106348
106351
106352
106353
106356
106357
106360
106361
106364
106367
106369
106372
106373
106376
106377
106380
106381
106384
106385
106388
106389
106392
106394
106396
106398
106402
106403
106404
106405
106406
106407
106408
106409
106410
106411
106412
106413
106414
106415
106416
106417
106418
106419
106420
106421
106422
106423
106424
106425
106426
106427
106428
106429
106430
106432
106434
106438
106443
106450
106452
106453
106454
106455
106456
106457
106458
106459
106460
106462
106463
106464
106467
106468
106475
106495
106496
106497
106498
106499
106500
106501
106502
106503
106504
106505
106510
106511
106512
106513
106514
106515
106516
106518
106519
106520
106521
106522
106523
106524
106525
106526
106527
106528
106529
106530
106531
106532
106533
106534
106535
106536
106537
106538
106539
106540
106541
106542
106543
106544
106545
106546
106547
106548
106549
106550
106551
106552
106553
106554
106555
106556
106557
106558
106559
106560
106561
106562
106563
106565
106566
106567
106568
106569
106570
106571
106572
106573
106574
106575
106576
106577
106578
106579
106580
106581
106582
106583
106584
106585
106586
106587
106589
106590
106592
106593
106594
106596
106597
106598
106599
106600
106601
106602
106603
106604
106605
106606
106607
106608
106609
106610
106611
106612
106613
106614
106615
106616
106617
106618
106619
106620
106621
106622
106623
106624
106625
106626
106627
106628
106629
106630
106631
106632
106634
106635
106636
106637
106638
106639
106640
106641
106642
106643
106644
106645
106646
106647
106648
106649
106650
106651
106652
106653
106654
106655
106656
106657
106658
106659
106660
106661
106662
106663
106664
106665
106667
106668
106669
106670
106671
106672
106673
106674
106675
106676
106677
106678
106679
106680
106681
106682
106683
106684
106685
106686
106687
106688
106689
106690
106691
106692
106693
106694
106695
106696
106697
106698
106699
106700
106701
106702
106703
106704
106705
106706
106707
106708
106709
106710
106711
106712
106713
106714
106715
106716
106717
106718
106719
106720
106721
106722
106723
106724
106725
106726
106727
106728
106729
106730
106731
106732
106733
106734
106735
106736
106737
106738
106739
106741
106742
106744
106746
106750
106753
106756
106757
106758
106759
106760
106761
106762
106765
106767
106768
106769
106770
106771
106772
106773
106774
106775
106776
106777
106778
106779
106780
106781
106783
106784
106785
106786
106788
106789
106790
106791
106792
106793
106794
106795
106796
106797
106798
106799
106800
106801
106802
106803
106804
106805
106806
106807
106808
106809
106810
106811
106812
106813
106814
106815
106816
106817
106818
106819
106820
106821
106822
106823
106824
106825
106827
106828
106829
106830
106831
106832
106834
106835
106836
106837
106839
106840
106841
106842
106843
