89626
89627
89631
89632
89633
89634
89636
89638
89639
89641
89644
89645
89647
89648
89649
89650
89653
89657
89658
89659
89662
89663
89664
89665
89666
89667
89668
89669
89670
89671
89672
89674
89676
89677
89679
89680
89681
89685
89686
89687
89688
89690
89691
89694
89695
89696
89697
89698
89699
89700
89701
89702
89703
89704
89705
89706
89707
89708
89710
89711
89712
89713
89714
89715
89716
89717
89719
89721
89722
89723
89724
89725
89726
89727
89728
89731
89732
89733
89734
89736
89737
89738
89739
89740
89741
89742
89743
89744
89745
89749
89750
89751
89754
89755
89757
89759
89760
89761
89762
89763
89764
89766
89767
89768
89769
89770
89771
89772
89773
89774
89775
89776
89778
89779
89780
89781
89782
89784
89786
89787
89789
89790
89791
89792
89793
89794
89795
89796
89797
89798
89800
89802
89803
89804
89805
89806
89808
89809
89810
89812
89813
89814
89815
89816
89818
89819
89820
89822
89823
89824
89825
89826
89827
89828
89829
89830
89832
89835
89836
89837
89839
89840
89841
89842
89843
89844
89845
89846
89847
89848
89849
89852
89854
89855
89856
89860
89861
89864
89865
89866
89867
89868
89869
89870
89871
89873
89876
89877
89881
89882
89884
89885
89886
89887
89888
89893
89895
89897
89898
89899
89903
89904
89905
89909
89910
89911
89914
89915
89916
89917
89918
89919
89930
89931
89932
89934
89936
89937
89938
89939
89941
89942
89943
89944
89946
89947
89950
89951
89953
89954
89957
89958
89959
89961
89963
89965
89966
89967
89969
89970
89972
89975
89976
89977
89978
89979
89980
89981
89982
89983
89985
89986
89988
89990
89991
89993
89995
89996
89997
89998
90001
90002
90005
90007
90008
90010
90013
90014
90016
90017
90018
90019
90020
90021
90022
90023
90024
90025
90026
90027
90028
90029
90030
90031
90032
90033
90034
90035
90036
90039
90040
90041
90042
90043
90044
90046
90048
90049
90050
90051
90052
90053
90055
90056
90058
90059
90060
90063
90065
90066
90067
90068
90069
90070
90071
90072
90073
90074
90075
90076
90077
90080
90081
90083
90084
90086
90087
90088
90089
90090
90091
90092
90093
90094
90095
90096
90098
90100
90101
90102
90104
90105
90106
90108
90110
90111
90112
90113
90114
90116
90117
90118
90119
90120
90121
90122
90123
90124
90126
90128
90129
90131
90132
90133
90135
90136
90138
90140
90145
90146
90147
90148
90149
90150
90151
90152
90153
90161
90162
90165
90166
90171
90172
90174
90175
90177
90178
90179
90180
90181
90182
90183
90184
90185
90186
90187
90188
90189
90190
90191
90193
90194
90195
90196
90197
90198
90199
90200
90201
90202
90203
90204
90205
90206
90207
90208
90209
90210
90211
90212
90213
90214
90215
90216
90217
90218
90220
90226
90227
90228
90229
90230
90231
90232
90233
90234
90235
90236
90237
90238
90239
90240
90241
90242
90243
90244
90245
90246
90247
90248
90249
90250
90251
90253
90254
90255
90256
90257
90258
90259
90260
90261
90262
90263
90264
90265
90266
90267
90268
90269
90270
90271
90272
90273
90274
90275
90276
90277
90278
90280
90281
90282
90283
90284
90286
90287
90288
90289
90291
90292
90293
90294
90295
90296
90297
90298
90299
90300
90301
90302
90303
90304
90305
90306
90307
90308
90309
90310
90311
90312
90313
90314
90315
90316
90318
90319
90320
90321
90322
90323
90324
90326
90327
90328
90329
90330
90331
90332
90333
90334
90336
90337
90338
90339
90340
90343
90344
90346
90348
90349
90350
90352
90353
90354
90355
90357
90358
90359
90360
90361
90362
90363
90365
90367
90369
90371
90372
90373
90375
90376
90377
90378
90379
90381
90382
90383
90385
90386
90387
90390
90392
90395
90396
90398
90399
90401
90404
90409
90410
90411
90412
90413
90414
90416
90417
90421
90422
90425
90426
90427
90428
90430
90432
90434
90435
90436
90437
90439
90440
90442
90443
90444
90445
90446
90447
90448
90450
90451
90453
90455
90456
90460
90461
90462
90463
90464
90465
90466
90467
90470
90471
90472
90473
90474
90475
90476
90478
90479
90480
90483
90485
90486
90487
90488
90490
90491
90494
90495
90496
90497
90498
90499
90500
90502
90503
90505
90506
90507
90509
90510
90511
90512
90513
90514
90515
90516
90519
90520
90521
90523
90525
90526
90527
90528
90529
90530
90531
90532
90533
90535
90536
90538
90539
90540
90541
90542
90544
90545
90546
90547
90548
90549
90550
90551
90555
90556
90557
90560
90561
90562
90563
90566
90567
90569
90571
90572
90573
90574
90576
90577
90580
90581
90582
90583
90585
90586
90587
90588
90590
90592
90593
90594
90596
90597
90599
90600
90603
90604
90605
90606
90607
90608
90609
90610
90611
90612
90614
90615
90616
90617
90618
90621
90622
90623
90625
90627
90628
90629
90630
90631
90632
90633
90634
90636
90637
90638
90640
90641
90642
90643
90644
90645
90646
90648
90649
90650
90652
90653
90654
90656
90657
90658
90659
90660
90661
90662
90663
90664
90666
90667
90668
90669
90670
90671
90674
90675
90676
90677
90678
90679
90682
90683
90684
90686
90687
90688
90690
90691
90692
90693
90694
90695
90696
90697
90698
90699
90700
90701
90702
90703
90705
90706
90707
90708
90710
90711
90714
90715
90716
90718
90720
90721
90722
90724
90725
90726
90727
90728
90730
90731
90732
90733
90734
90735
90736
90739
90740
90742
90743
90744
90745
90749
90751
90752
90753
90754
90755
90757
90759
90760
90762
90763
90764
90766
90769
90770
90771
90773
90774
90775
90776
90777
90780
90782
90783
90785
90786
90788
90791
90794
90796
90798
90799
90801
90802
90809
90810
90811
90812
90818
90819
90820
90821
90822
90823
90824
90825
90826
90827
90828
90829
90830
90831
90832
90833
90834
90835
90837
90838
90839
90840
90841
90842
90843
90844
90845
90846
90847
90848
90849
90851
90852
90855
90856
90857
90858
90860
90861
90862
90864
90865
90867
90868
90871
90872
90873
90874
90875
90877
90878
90880
90881
90882
90883
90885
90887
90889
90890
90891
90892
90893
90894
90895
90898
90899
90900
90901
90902
90903
90904
90905
90906
90907
90908
90909
90910
90911
90912
90913
90914
90915
90916
90917
90918
90919
90920
90921
90923
90924
90925
90930
90931
90932
90933
90934
90935
90937
90939
90941
90943
90945
90946
90948
90949
90950
90951
90953
90954
90955
90956
90957
90959
90960
90961
90962
90963
90964
90965
90966
90967
90969
90970
90972
90973
90974
90975
90977
90978
90979
90980
