266460
266461
266463
266512
266513
266514
266515
266518
266521
266523
266524
266525
266527
266531
266533
266534
266537
266538
266540
266551
266593
266722
266739
266754
266755
266759
266771
266833
266851
266852
266853
267160
267161
267162
267163
267164
267165
267166
267167
267169
267170
267171
267172
267173
267178
267179
267180
267182
267183
267193
267206
267385
267386
267389
267390
267391
267392
267396
267400
267403
267404
267405
267408
267411
267417
267418
267419
267420
267421
267422
267423
267424
267425
267427
267428
267430
267435
267436
267441
267495
267502
267515
267522
267530
267531
267532
267535
267537
267538
267540
267541
267542
267558
267572
267575
267576
267584
267585
267589
267600
267601
267610
267611
267617
267737
267743
267789
267791
267792
267793
267798
267799
267820
267821
267822
267824
267825
267827
267828
267829
267830
267833
267834
267835
267836
267838
267840
267841
267842
267843
267844
267845
267846
267847
267848
267851
267852
267853
267854
267856
267857
267858
267861
267862
267863
267866
267867
267868
267869
267870
267871
267872
267873
267874
267876
267877
267878
267879
267881
267882
267883
267884
267885
267886
267887
267888
267889
267890
267891
267893
267895
267896
267897
267898
267899
267901
267902
267903
267904
267905
267906
267907
267909
267910
267911
267912
267913
267914
267917
267918
267919
267920
267922
267923
267924
267925
267926
267927
267928
267929
267930
267931
267932
267933
267935
267937
267939
267940
267941
267942
267943
267944
267945
267946
267948
267949
267950
267952
267954
267987
267988
267990
267991
267992
267994
267995
267997
268000
268001
268002
268003
268005
268006
268007
268009
268012
268015
268017
268019
268021
268022
268024
268027
268031
268033
268036
268037
268039
268042
268043
268047
268049
268050
268053
268054
268059
268063
268078
268079
268081
268082
268085
268088
268091
268095
268096
268098
268101
268104
268106
268107
268108
268109
268111
268112
268114
268115
268117
268119
268120
268121
268122
268129
268130
268131
268132
268133
268135
268137
268138
268139
268140
268141
268189
268194
268198
268204
268208
268211
268214
268217
268219
268221
268222
268223
268224
268226
268227
268232
268233
268240
268242
268246
268252
268258
268263
268268
268269
268270
268271
268272
268275
268277
268323
268400
270057
270061
270065
270069
270073
270074
270078
270085
270087
270089
270091
270095
270102
270105
270109
270129
270137
270143
270145
270149
270151
270154
270158
270166
270167
270169
270170
270172
270173
270174
270175
270176
270179
270184
270187
270189
270191
270194
270195
270198
270202
270203
270205
270206
270208
270213
270215
270217
270222
270229
270234
270293
270295
270296
270299
270300
270303
270304
270307
270308
270309
270318
270323
270324
270325
270329
270331
270334
270335
270336
270337
270338
270342
270343
270344
270345
270346
270347
270348
270349
270350
270351
270352
270353
270354
270356
270357
270358
270360
270361
270362
270363
270364
270366
270369
270371
270372
270375
270376
270377
270378
270379
270380
270383
270384
270385
270386
270387
270388
270390
270391
270392
270393
270394
270395
270396
270397
270398
270400
270401
270402
270403
270404
270405
270406
270408
270409
270410
270411
270412
270413
270415
270416
270417
270418
270419
270420
270421
270423
270424
270425
270427
270428
270430
270431
270432
270433
270435
270436
270441
270446
270448
270449
270453
270454
270455
270459
270461
270462
270466
270469
270470
270472
270475
270476
270477
270481
270484
270488
270490
270492
270493
270494
270497
270504
270539
270613
270614
270615
270619
270620
270622
270625
270630
270637
270651
270656
270658
270701
270716
270719
270722
270727
270738
270739
270740
270832
270833
270835
270837
270839
270865
270873
270874
270877
270879
270886
270889
270892
270894
270902
270903
270908
270910
271030
271031
271034
271035
271063
271065
271066
271067
271068
271069
271071
271073
271074
271076
271077
273068
273070
273077
273081
273083
273084
273086
273087
273088
273092
273251
273256
273261
273269
273593
273600
273601
273603
273605
273606
273607
273608
273609
273611
273612
273614
273615
273616
273617
273619
273620
273622
273624
273627
273629
273630
273633
273635
273638
273642
273648
273651
273660
328139
328140
328144
328147
328151
328153
328191
328193
328195
328196
328200
328202
328203
328204
328205
328207
328208
328209
330628
330629
330632
330653
330654
330655
330656
330657
330658
330659
330660
330661
330665
330666
330668
330669
330754
330755
330757
330760
330764
330766
330768
330803
330804
330805
330809
330822
331347
331348
331350
331351
331352
331353
331354
331355
331356
331368
331371
331373
331375
331378
331385
331389
331394
331563
331628
331632
331635
331637
331639
331643
331644
331645
331650
331653
331655
331658
331662
331664
331665
331666
331667
331668
331669
331670
331673
331675
331676
331680
331681
331683
331684
331685
331686
331687
331690
331694
331695
331697
331698
331701
331703
331705
331708
331710
331713
331714
331719
331720
331721
331724
331725
331726
331730
331734
331736
331737
331739
331741
331744
331745
331747
331748
331749
331751
331754
331755
331756
331758
331760
331761
331762
331763
331764
331769
331770
331771
331772
331773
331774
331775
331776
331822
331824
331825
331828
331836
331837
331852
331862
331877
331892
331918
331979
331986
332002
332016
332023
332041
332043
332045
332048
332049
332052
332093
332094
332095
332096
332097
332099
332100
332101
332102
332103
332104
332105
332106
332111
332124
332130
332135
332136
332139
332144
332145
332147
332151
332156
332157
332169
332170
332205
332211
332215
332229
332254
332316
332320
332322
332350
332355
332360
332363
332364
332374
332387
332389
332473
332474
332672
332714
332751
332781
332850
332861
332875
332879
332890
332902
333125
333126
333127
333128
333133
333139
333145
333146
333147
333166
333167
333169
333170
333174
333177
333180
333194
333237
333257
333311
333336
333338
368999
369686
369741
369743
369748
369749
369751
369752
369754
369755
369756
369771
369791
369801
369803
369867
369947
369948
370016
370018
370347
370348
370349
370351
370352
370353
370355
370357
370358
370359
370362
370363
370366
370368
370369
370370
370371
370373
370376
370378
370526
370556
370595
370623
589525
594172
610343
645727
648761
650785
656848
657788
661901
662455
662913
664442
668013
669033
671074
671583
672251
672602
681398
688403
689540
689937
692487
693508
694955
695548
696569
706260
713906
717998
718065
718135
718224
718245
718330
718335
718395
718415
718435
718440
718450
718465
718560
718665
718675
718685
718700
718720
718845
718900
719045
719060
719065
719115
719220
719235
719345
719375
719425
719430
719445
719776
719841
719931
720246
720456
720511
720576
720596
721271
721731
732653
772006
776191
781825
785530
799725
913377
913387
913388
913389
913390
913391
913392
913400
913402
913408
913409
913410
913413
913420
913421
913422
913423
913424
913426
913427
913428
913429
913430
913431
913432
913433
913434
913435
913450
920244
920294
920297
920302
920333
920357
920358
920412
920421
920435
920535
920614
920617
