103698
103699
103701
103703
103705
103708
103710
103712
103713
103714
103715
103716
103717
103718
103719
103720
103724
103725
103726
103727
103728
103729
103731
103732
103733
103735
103736
103737
103739
103740
103741
103742
103743
103744
103745
103747
103748
103749
103750
103751
103752
103753
103754
103755
103756
103758
103759
103763
103764
103765
103766
103767
103768
103769
103771
103772
103773
103775
103776
103777
103778
103779
103780
103781
103782
103784
103785
103786
103787
103788
103789
103790
103791
103792
103793
103794
103795
103796
103797
103798
103799
103800
103801
103802
103803
103804
103805
103806
103807
103809
103810
103811
103817
103818
103820
103821
103822
103823
103824
103825
103826
103827
103828
103829
103830
103831
103832
103833
103834
103835
103836
103837
103838
103839
103840
103841
103842
103843
103845
103846
103848
103849
103850
103852
103853
103854
103856
103858
103859
103860
103863
103864
103865
103866
103868
103869
103870
103871
103872
103873
103875
103876
103877
103880
103881
103883
103884
103886
103893
103894
103895
103896
103897
103898
103899
103900
103901
103903
103904
103905
103906
103907
103908
103909
103910
103911
103912
103913
103915
103916
103919
103920
103924
103926
103927
103930
103931
103932
103933
103934
103935
103936
103937
103938
103941
103943
103944
103945
103946
103947
103948
103949
103951
103953
103954
103961
103962
103964
103965
103966
103967
103968
103969
103971
103972
103973
103975
103976
103979
103983
103984
103985
103986
103987
103988
103989
103990
103992
103993
103995
103996
103997
103998
103999
104000
104003
104004
104006
104007
104008
104009
104010
104011
104012
104013
104014
104015
104016
104017
104018
104019
104020
104023
104025
104027
104029
104037
104039
104040
104041
104042
104043
104044
104045
104046
104047
104048
104049
104050
104056
104058
104059
104060
104061
104063
104064
104067
104068
104069
104070
104071
104072
104073
104074
104075
104076
104077
104079
104081
104082
104083
104084
104085
104089
104090
104091
104092
104093
104094
104095
104097
104098
104099
104102
104103
104104
104105
104106
104107
104109
104110
104111
104112
104113
104114
104115
104117
104118
104120
104121
104122
104124
104127
104128
104129
104130
104132
104133
104134
104135
104138
104139
104140
104143
104144
104145
104146
104148
104152
104153
104154
104156
104158
104161
104162
104170
104175
104176
104177
104178
104179
104180
104182
104183
104189
104190
104191
104193
104194
104195
104197
104199
104200
104201
104202
104203
104207
104208
104209
104210
104212
104213
104214
104215
104217
104218
104219
104220
104221
104224
104225
104226
104227
104229
104230
104231
104232
104233
104234
104235
104236
104237
104238
104239
104240
104241
104242
104243
104244
104246
104248
104249
104251
104252
104254
104255
104256
104257
104258
104259
104261
104262
104263
104264
104265
104266
104267
104268
104269
104270
104272
104274
104275
104276
104278
104280
104282
104283
104284
104285
104290
104291
104298
104300
104302
104303
104304
104305
104311
104313
104314
104315
104317
104318
104319
104321
104322
104323
104324
104325
104327
104329
104330
104331
104334
104335
104339
104340
104341
104342
104343
104344
104348
104359
104361
104363
104364
104365
104367
104369
104370
104371
104372
104373
104379
104386
104387
104389
104391
104392
104394
104395
104396
104397
104401
104404
104405
104406
104407
104408
104409
104412
104413
104416
104417
104418
104419
104420
104421
104422
104423
104425
104426
104427
104428
104429
104430
104431
104432
104433
104434
104436
104437
104438
104439
104440
104441
104442
104444
104446
104449
104450
104452
104453
104454
104457
104458
104459
104460
104467
104469
104470
104474
104475
104477
104478
104479
104480
104483
104484
104485
104487
104489
104490
104491
104492
104493
104494
104495
104496
104499
104500
104501
104502
104503
104504
104505
104506
104507
104511
104512
104513
104514
104516
104523
104536
104541
104544
104547
104549
104564
104565
104577
104578
104579
104581
104583
104585
104586
104587
104588
104590
104591
104592
104598
104599
104600
104601
104603
104604
104605
104606
104607
104608
104609
104610
104611
104613
104617
104619
104620
104622
104628
104629
104630
104631
104632
104633
104634
104635
104636
104637
104638
104639
104640
104641
104647
104648
104649
104650
104651
104656
104662
104664
104668
104669
104670
104672
104676
104678
104679
104680
104681
104683
104686
104688
104689
104691
104692
104698
104700
104702
104703
104704
104705
104706
104707
104709
104712
104714
104715
104716
104717
104718
104719
104721
104722
104723
104724
104725
104726
104727
104728
104729
104730
104731
104732
104733
104734
104735
104736
104737
104738
104739
104740
104741
104742
104743
104744
104746
104747
104750
104751
104752
104753
104754
104755
104756
104758
104759
104760
104761
104762
104763
104764
104767
104768
104769
104771
104772
104773
104774
104775
104777
104778
104779
104781
104782
104783
104788
104793
104794
104795
104796
104797
104798
104799
104800
104801
104802
104803
104804
104805
104806
104808
104809
104810
104811
104813
104814
104817
104820
104821
104822
104826
104829
104830
104831
104833
104834
104835
104836
104837
104838
104839
104840
104841
104842
104846
104847
104848
104849
104850
104851
104852
104853
104854
104855
104856
104857
104858
104859
104860
104861
104862
104863
104864
104865
104866
104867
104868
104869
104870
104871
104873
104875
104877
104878
104879
104880
104881
104882
104883
104884
104885
104886
104887
104888
104889
104890
104891
104892
104893
104895
104896
104897
104898
104899
104900
104901
104902
104903
104904
104906
104908
104910
104911
104912
104913
104914
104916
104917
104918
104919
104920
104921
104922
104923
104924
104925
104926
104927
104928
104929
104930
104931
104932
104933
104934
104935
104936
104937
104938
104939
104940
104941
104942
104943
104944
104945
104946
104948
104949
104950
104951
104952
104953
104955
104956
104957
104958
104959
104961
104962
104963
104965
104967
104968
104970
104971
104972
104974
104975
104976
104977
104978
104979
104983
104984
104985
104986
104987
104988
104989
104992
104993
104994
104996
104997
104998
104999
105002
105005
105006
105008
105009
105010
105013
105015
105016
105017
105018
105019
105020
105021
105022
105023
105024
105025
105027
105029
105032
105034
105035
105036
105037
105045
105048
105050
105051
105053
105054
105056
105057
105059
105060
105061
105062
105063
105065
105066
105067
105068
105070
105071
105072
105074
105075
105076
105077
105078
105083
105085
105086
105087
105089
105090
105091
105092
105093
105094
105095
105096
105100
105101
105102
105103
105105
105106
105107
105108
105114
105115
105119
105120
105121
105122
105123
105124
105125
105126
105127
105128
105129
105130
105131
105132
105133
105134
105135
105136
105137
105138
105139
105140
105141
105146
105154
105157
105158
105159
105160
105161
105162
105165
105167
105168
105171
105186
105204
105206
105207
105208
105209
105210
105211
105212
105213
105214
105215
105217
105218
105219
105220
105222
105223
105224
105225
105226
105227
