1014478
1014488
1014491
1014495
1014498
1014500
1014501
1014502
1015516
1015517
1015518
1015520
1015521
1015522
1015531
1015532
1015533
1015534
1015545
1015556
1015563
1015566
1015568
1015569
1015570
1015571
1015579
1015663
1015667
1015673
1015675
1015677
1015678
1015679
1015680
1015683
1015719
1015725
1015728
1015739
1015740
1015741
1015747
1015762
1015771
1015791
1015795
1015817
1015818
1015832
1015836
1015839
1015842
1015843
1015845
1015849
1015851
1015863
1015864
1015865
1015908
1015911
1015915
1015919
1015921
1015927
1015931
1015934
1015936
1015937
1015965
1015969
1015972
1015976
1015979
1015987
1015992
1016025
1016047
1016055
1016056
1016057
1016125
1016143
1016175
1016179
1016183
1016217
1016321
1016364
1016428
1016429
1016430
1016431
1016432
1016434
1016436
1016443
1016446
1016457
1016501
1016513
1016521
1016523
1016600
1016616
1016618
1016625
1016702
1016712
1016714
1016715
1016716
1016718
1016719
1016721
1016724
1016729
1016732
1016735
1016736
1016738
1016741
1016742
1016744
1016745
1016746
1016747
1016748
1016749
1016750
1016751
1016752
1016753
1016754
1016755
1016756
1016757
1016812
1016820
1016830
1016835
1016852
1016854
1016855
1016856
1016857
1016858
1016859
1016860
1016862
1016863
1017222
1017223
1017225
1017320
1017554
1017556
1017565
1017866
1017888
1017895
1017904
1017912
1017915
1017918
1017925
1018121
1018122
1018546
1018684
1018685
1018687
1018886
1018887
1018890
1018999
1019048
1019098
1019288
1019398
1019590
1019649
1019651
1019653
1019819
1020058
1020064
1020066
1020068
1020069
1020070
1020076
1020077
1020081
1020086
1020089
1020120
1020200
1020203
1020204
1020206
1020518
1020519
1020521
1021108
1021119
1021122
1021201
1021209
1021345
1021358
1021361
1021365
1021508
1021795
1022081
1022888
1022895
1022899
1022900
1022901
1022904
1022920
1022947
1022949
1022954
1023477
1023515
1023663
1023665
1023670
1023955
1024690
1024769
1024789
1024790
1024848
1024849
1024850
1024857
1024882
1024891
1024894
1024897
1024898
1024907
1024911
1024916
1024918
1024923
1024924
1024928
1024934
1024945
1024986
1024999
1025004
1025005
1025008
1025016
1025026
1025033
1025035
1025040
1025046
1025047
1025051
1025142
1025148
1025183
1025918
1025921
1025935
1026193
1026195
1026196
1026197
1026202
1026228
1026255
1026258
1026647
1026747
1026751
1026817
1026819
1026823
1027648
1027650
1027652
1027955
1028065
1028066
1028067
1028069
1028077
1028087
1028407
1028408
1028409
1028623
1028625
1028628
1028829
1028830
1028831
1029091
1029119
1029162
1029452
1029455
1029465
1029467
1029474
1029478
1029479
1029482
1029495
1029579
1029593
1029939
1029954
1029999
1030002
1030026
1030033
1030035
1030038
1030042
1030053
1030121
1030122
1030124
1030126
1030788
1030790
1030791
1030796
1031009
1031010
1031216
1031219
1031222
1031229
1031247
1031254
1031255
1031459
1031462
1031693
1031927
1031929
1031982
1031983
1031984
1031985
1031986
1031987
1031988
1031989
1031990
1031991
1031992
1031993
1031994
1032078
1032079
1032080
1032082
1032085
1032087
1032088
1032089
1032090
1032091
1032094
1032095
1032096
1032099
1032100
1032101
1032103
1032106
1032108
1032109
1032115
1032116
1032124
1032128
1032132
1032134
1032135
1032140
1032142
1032144
1032150
1032152
1032153
1032162
1032164
1032165
1032179
1032180
1032182
1032183
1032184
1032186
1032188
1032189
1032190
1032191
1032227
1032233
1032235
1032240
1032244
1032251
1032253
1032257
1032270
1032272
1032273
1032274
1032275
1032276
1032277
1032278
1032279
1032280
1032281
1032282
1032283
1032284
1032285
1032286
1032287
1032289
1032290
1032291
1032456
1032674
1032677
1032693
1032981
1033214
1033402
1033406
1033408
1033425
1033426
1033430
1033471
1033478
1033515
1033517
1033529
1033532
1033642
1033812
1033816
1033824
1033827
1033946
1033947
1033951
1033954
1033955
1033957
1034024
1034039
1034041
1034159
1034434
1034445
1034467
1034482
1034485
1034539
1034542
1034982
1034984
1034987
1035269
1035271
1035633
1036201
1038008
1038009
1038012
1038013
1038049
1038050
1038077
1038515
1038516
1038521
1038564
1038569
1038945
1038946
1038948
1038989
1038995
1038997
1039003
1039060
1039066
1039070
1039074
1039080
1039095
1039097
1039098
1039099
1039107
1039129
1039141
1039145
1039149
1039160
1039208
1039209
1039210
1039223
1039227
1039229
1039230
1039234
1039265
1039304
1039311
1039313
1039314
1039315
1039324
1039326
1039356
1039385
1039403
1039873
1039971
1039978
1039986
1039991
1040097
1040098
1040100
1040105
1040110
1040135
1040163
1040170
1040171
1040182
1040250
1040410
1040413
1040419
1040641
1040642
1040900
1041180
1041182
1041202
1041203
1041211
1041443
1041475
1041478
1041481
1041693
1041694
1041698
1041702
1042288
1042318
1042319
1042320
1042322
1042552
1042566
1042570
1042572
1042997
1043000
1043023
1043024
1043025
1043441
1043442
1043444
1043446
1043827
1043830
1043998
1044091
1044100
1044101
1044103
1044104
1044107
1044111
1044115
1044119
1044122
1044125
1044126
1044128
1044132
1044134
1044137
1044140
1044141
1044142
1044143
1044144
1044145
1044146
1044147
1044148
1044525
1044526
1044527
1044528
1044529
1044530
1044531
1044532
1044533
1044709
1044728
1044729
1044730
1044731
1044732
1044733
1044734
1044735
1044736
1044737
1044738
1044739
1044740
1044741
1044742
1044744
1044745
1044746
1044747
1044748
1044749
1044750
1044796
1044847
1044848
1045587
1045780
1045787
1045790
1045795
1045807
1045825
1045845
1045849
1045876
1045885
1046754
1046757
1046759
1046760
1046923
1046925
1046941
1046943
1046949
1047365
1047381
1047402
1047514
1047549
1049677
1049762
1049763
1049765
1049766
1049767
1049793
1049794
1049798
1049799
1049851
1049853
1049857
1050078
1050079
1050504
1050507
1050508
1050510
1050521
1050522
1050523
1050524
1051115
1051322
1051337
1051448
1052023
1052046
1052048
1052061
1052063
1052066
1052068
1052599
1052639
1053185
1053186
1053187
1053271
1053279
1053289
1053463
1053738
1055035
1055037
1055041
1055047
1055053
1055054
1055147
1055149
1055151
1055530
1056035
1056045
1056385
1056419
1056471
1056565
1056678
1056717
1057487
1057820
1057904
1058454
1058600
1058663
1059772
1059784
1059785
1059786
1059787
1060211
1060321
1060326
1060349
1060350
1060353
1060354
1060357
1060506
1061082
1061460
1061497
1061500
1061501
1064193
1064194
1064195
1064197
1064226
1064229
1064267
1065878
1065881
1065882
1066008
1066013
1066526
1066615
1068459
1069705
1069740
1071188
1071205
1071206
1072375
1072376
1072968
1073694
1075181
1076707
1078322
1079693
1079696
1079700
1082377
1083390
