96591
96592
96593
96594
96595
96596
96597
96598
96600
96601
96603
96604
96606
96607
96609
96610
96612
96613
96614
96615
96617
96618
96620
96621
96622
96624
96625
96627
96630
96631
96632
96633
96635
96636
96638
96642
96644
96645
96646
96649
96651
96652
96654
96656
96657
96658
96659
96661
96663
96669
96670
96671
96672
96675
96676
96677
96678
96680
96681
96683
96684
96685
96686
96687
96691
96694
96695
96697
96699
96700
96705
96708
96712
96713
96715
96716
96718
96720
96721
96726
96727
96729
96730
96731
96735
96738
96739
96740
96741
96742
96743
96744
96747
96748
96749
96752
96754
96755
96756
96757
96759
96762
96763
96773
96776
96779
96781
96782
96783
96784
96785
96787
96788
96789
96790
96791
96793
96795
96801
96808
96811
96813
96814
96817
96822
96823
96824
96825
96826
96827
96828
96829
96831
96834
96836
96838
96840
96847
96851
96852
96853
96854
96857
96862
96863
96867
96873
96875
96876
96877
96878
96884
96885
96886
96887
96889
96890
96891
96892
96895
96897
96898
96899
96900
96901
96902
96903
96904
96905
96907
96908
96911
96912
96916
96917
96918
96919
96922
96923
96924
96925
96927
96928
96930
96931
96938
96943
96944
96945
96946
96947
96948
96949
96950
96951
96952
96953
96954
96955
96956
96957
96958
96960
96961
96965
96966
96971
96972
96975
96977
96978
96983
96985
96986
96987
96990
96992
96993
96996
96998
96999
97000
97001
97002
97003
97004
97005
97009
97010
97014
97018
97019
97021
97022
97023
97026
97028
97032
97033
97042
97047
97051
97052
97054
97055
97059
97064
97067
97068
97069
97070
97071
97072
97073
97074
97075
97076
97078
97079
97081
97082
97084
97088
97089
97090
97091
97092
97093
97094
97095
97096
97099
97100
97101
97102
97109
97110
97112
97113
97114
97120
97123
97127
97129
97133
97134
97135
97139
97141
97143
97145
97146
97147
97149
97150
97152
97153
97154
97155
97160
97161
97162
97164
97165
97166
97167
97169
97170
97171
97172
97173
97174
97175
97177
97178
97180
97181
97182
97187
97191
97192
97193
97194
97199
97200
97203
97205
97206
97208
97209
97210
97211
97212
97213
97214
97216
97217
97218
97222
97225
97226
97228
97229
97232
97234
97236
97237
97239
97241
97242
97243
97244
97245
97246
97248
97249
97250
97254
97255
97257
97259
97261
97262
97263
97264
97265
97266
97268
97269
97270
97271
97272
97274
97275
97276
97277
97279
97282
97285
97289
97290
97291
97292
97293
97295
97296
97297
97298
97299
97300
97301
97302
97303
97304
97305
97308
97309
97310
97313
97318
97319
97320
97324
97325
97326
97330
97331
97332
97334
97335
97336
97339
97341
97342
97344
97345
97346
97347
97348
97349
97353
97354
97355
97356
97357
97359
97363
97366
97369
97371
97373
97374
97375
97376
97378
97379
97383
97384
97387
97388
97391
97392
97393
97395
97396
97398
97399
97400
97401
97402
97403
97404
97405
97406
97407
97409
97410
97411
97412
97413
97414
97415
97416
97421
97422
97425
97426
97427
97428
97430
97431
97432
97433
97434
97435
97436
97437
97439
97441
97442
97445
97446
97452
97455
97457
97459
97460
97461
97462
97463
97465
97466
97467
97470
97471
97472
97473
97474
97476
97477
97478
97479
97480
97485
97489
97492
97493
97494
97501
97506
97507
97510
97511
97512
97513
97514
97515
97516
97517
97519
97520
97521
97524
97525
97527
97530
97541
97544
97545
97548
97550
97552
97554
97556
97557
97558
97559
97560
97561
97562
97563
97564
97565
97566
97567
97569
97574
97576
97578
97580
97583
97585
97587
97588
97591
97593
97595
97596
97597
97599
97601
97603
97604
97606
97607
97611
97612
97613
97614
97615
97616
97617
97618
97621
97622
97623
97624
97628
97631
97633
97635
97636
97637
97638
97639
97640
97641
97642
97643
97645
97647
97648
97649
97650
97651
97655
97658
97659
97660
97664
97667
97670
97672
97674
97677
97678
97679
97682
97683
97684
97685
97687
97689
97690
97691
97692
97693
97694
97695
97700
97702
97703
97705
97708
97710
97713
97714
97715
97718
97719
97720
97721
97724
97725
97728
97729
97731
97732
97733
97734
97735
97736
97737
97738
97742
97743
97746
97747
97748
97750
97754
97755
97761
97762
97766
97767
97768
97769
97770
97771
97772
97773
97774
97775
97776
97777
97778
97779
97780
97784
97785
97787
97789
97792
97794
97795
97797
97798
97799
97801
97804
97805
97809
97810
97813
97815
97816
97817
97819
97820
97822
97823
97824
97827
97829
97831
97834
97835
97836
97838
97841
97842
97846
97847
97850
97852
97853
97854
97855
97856
97857
97858
97860
97861
97862
97863
97864
97865
97871
97872
97873
97874
97875
97876
97877
97878
97879
97880
97881
97882
97883
97884
97886
97887
97890
97891
97892
97893
97894
97895
97896
97897
97898
97899
97900
97903
97904
97905
97908
97909
97911
97913
97914
97915
97916
97917
97918
97919
97920
97922
97923
97924
97925
97926
97927
97928
97929
97930
97931
97937
97938
97939
97941
97943
97945
97947
97949
97950
97951
97953
97957
97958
97962
97963
97966
97967
97968
97969
97970
97971
97973
97974
97975
97977
97978
97979
97980
97981
97982
97983
97984
97985
97986
97987
97989
97991
97992
97993
97994
97995
97996
97997
97998
97999
98000
98001
98002
98003
98005
98006
98008
98009
98010
98011
98013
98014
98015
98016
98017
98018
98021
98022
98023
98024
98025
98026
98027
98028
98029
98030
98031
98032
98033
98034
98035
98036
98037
98038
98040
98041
98042
98043
98044
98045
98046
98047
98048
98049
98050
98051
98052
98053
98055
98056
98057
98058
98059
98060
98061
98062
98063
98064
98065
98066
98067
98068
98070
98071
98072
98073
98074
98075
98076
98078
98079
98080
98081
98082
98084
98085
98086
98087
98088
98090
98091
98092
98094
98095
98096
98097
98098
98099
98100
98102
98103
98105
98106
98107
98108
98109
98110
98111
98112
98113
98115
98116
98118
98119
98120
98121
98122
98123
98124
98125
98126
98127
98128
98129
98130
98131
98132
98133
98134
98135
98137
98138
98139
98140
98141
98143
98144
98145
98146
98147
98148
98149
98150
98151
98152
98153
98154
98156
98158
98159
98160
98161
98162
98163
98165
98166
98167
98169
98170
98171
98172
98173
98174
98175
98176
98177
98178
98179
98180
98181
98182
98183
98184
98186
98187
98189
98190
98192
98193
98194
98195
98196
98197
98198
98200
98201
98202
98203
98204
98205
98206
98207
98208
98209
98210
98211
